"V1"
62.9372727272727
75.1332727272727
90.9236363636364
55.4601818181818
67.895
67.9049090909091
92.0165454545455
71.5998181818182
72.9843636363636
69.2947272727273
59.8645454545455
68.9868181818182
87.9134545454545
62.7764545454545
55.2371818181818
66.7003636363636
68.7219090909091
84.7012727272727
68.0140909090909
68.2923636363636
74.9329090909091
64.7066363636364
76.3899090909091
71.1904545454545
94.6070909090909
82.8906363636364
62.5230909090909
73.3625454545455
60.9644545454545
67.8961818181818
70.7064545454545
65.6726363636364
76.1378181818182
70.6131818181818
72.1023636363636
83.7775454545455
75.4399090909091
69.4115454545455
64.2183636363636
68.3911818181818
78.4275454545455
77.127
66.1157272727273
77.5241818181818
69.0413636363636
68.8596363636364
76.3674545454545
78.934
73.6725454545455
84.9967272727273
74.3773636363636
65.2454545454545
71.1988181818182
80.4466363636364
80.1090909090909
75.064
91.8753636363636
80.1676363636364
59.4222727272727
72.981
86.8684545454545
66.2266363636364
63.9949090909091
87.7128181818182
70.6355454545455
84.8188181818182
57.7736363636364
97.4063636363636
68.463
67.6724545454545
97.4154545454546
71.711
61.1923636363636
67.4524545454545
67.8846363636364
62.586
58.1563636363636
61.108
61.2220909090909
77.5830909090909
61.45
65.9030909090909
81.3070909090909
75.0942727272727
68.6327272727273
74.0623636363636
79.6362727272727
68.7600909090909
56.3680909090909
79.9502727272727
73.0348181818182
70.6503636363636
73.3131818181818
63.8233636363636
63.1975454545455
76.1579090909091
74.2611818181818
70.0056363636364
89.6276363636364
75.3913636363636
70.5184545454545
72.692
71.7561818181818
76.1994545454545
51.1482727272727
80.8518181818182
82.3692727272727
76.5542727272727
75.7473636363636
80.2159090909091
74.6966363636364
77.2849090909091
82.1744545454546
65.3582727272727
79.9208181818182
77.3301818181818
58.1672727272727
64.0772727272727
78.3583636363636
56.1465454545455
99.3052727272727
56.0776363636364
94.4728181818182
78.2131818181818
94.1182727272727
58.3301818181818
62.5690909090909
63.1964545454546
73.0687272727273
60.9258181818182
68.7864545454545
73.5802727272727
71.7820909090909
64.6420909090909
84.811
70.6414545454546
85.5800909090909
92.2372727272727
51.1397272727273
61.2423636363636
61.9999090909091
63.9046363636364
70.6718181818182
72.4883636363636
54.8914545454545
82.5607272727273
66.5333636363636
72.4771818181818
79.1927272727273
68.881
55.8461818181818
65.3756363636364
87.4662727272727
61.5202727272727
80.4856363636364
81.9613636363636
88.8467272727273
54.9300909090909
89.3282727272727
80.5514545454545
62.9568181818182
67.0465454545455
95.98
62.9640909090909
63.836
67.9996363636364
74.5488181818182
81.4764545454545
95.1977272727273
85.925
76.7758181818182
79.0368181818182
71.6773636363636
72.4374545454545
75.1918181818182
76.5155454545455
65.9153636363636
71.4583636363636
77.2733636363636
61.6821818181818
59.4528181818182
67.4777272727273
87.419
69.9338181818182
56.2898181818182
62.8082727272727
78.7686363636364
89.0518181818182
62.4606363636364
75.2842727272727
85.7151818181818
82.3815454545455
69.2872727272727
94.776
82.2322727272727
72.9323636363636
71.3082727272727
86.029
72.619
76.3176363636364
93.4018181818182
62.1706363636364
70.1081818181818
72.1822727272727
64.568
63.5104545454546
67.2268181818182
73.1302727272727
60.5138181818182
81.5647272727273
79.6535454545455
73.0618181818182
77.3538181818182
64.2296363636364
79.4425454545455
77.9908181818182
65.9636363636364
70.1269090909091
78.3892727272727
64.581
81.8591818181818
84.6507272727273
101.715727272727
90.8092727272727
81.6580909090909
88.5915454545455
92.1186363636364
77.4548181818182
69.1574545454545
64.4876363636364
67.5260909090909
64.5488181818182
68.5261818181818
61.9435454545455
85.4372727272727
65.7859090909091
78.4412727272727
79.0917272727273
81.7430909090909
70.6761818181818
66.1339090909091
88.8256363636364
85.2758181818182
79.7312727272727
85.7512727272727
73.0839090909091
60.0239090909091
73.74
90.2081818181818
55.6101818181818
85.9116363636364
64.1324545454546
64.1027272727273
76.1829090909091
88.5857272727273
60.2506363636364
59.0212727272727
76.6744545454546
65.3172727272727
74.1638181818182
69.4192727272727
72.7245454545454
76.6454545454546
66.6335454545455
86.4735454545455
84.0915454545455
61.0850909090909
87.646
91.5598181818182
72.5029090909091
73.917
74.0007272727273
95.2086363636364
75.7450909090909
67.7360909090909
77.6530909090909
56.417
69.6645454545455
73.7082727272727
66.3724545454545
69.4785454545455
99.9614545454546
55.0981818181818
70.9799090909091
77.2009090909091
67.2703636363636
66.9657272727273
67.6179090909091
79.0074545454546
60.75
63.6247272727273
85.9658181818182
76.656
79.2812727272727
65.3439090909091
73.3863636363636
58.137
78.2571818181818
63.0579090909091
55.5161818181818
88.7131818181818
79.3556363636364
75.3110909090909
69.5596363636364
67.0664545454545
65.4153636363636
74.8053636363636
81.4843636363636
75.9131818181818
84.5386363636364
67.9045454545455
92.8621818181818
74.1879090909091
89.3061818181818
87.1425454545455
67.1555454545455
58.5718181818182
82.2205454545455
84.2916363636364
94.7235454545455
81.2400909090909
76.5886363636364
86.0359090909091
60.6089090909091
71.058
71.8843636363636
86.1036363636364
60.8469090909091
55.6698181818182
75.7100909090909
68.0892727272727
62.132
61.9867272727273
102.879
59.6711818181818
85.1207272727273
78.4970909090909
74.2346363636364
80.0719090909091
53.0016363636364
64.1793636363636
83.2886363636364
81.192
77.8786363636364
69.3086363636364
84.6665454545455
86.2732727272727
69.5648181818182
65.3358181818182
89.1284545454545
70.5913636363636
61.8743636363636
81.068
78.5960909090909
51.4409090909091
70.2150909090909
81.9801818181818
72.243
85.3969090909091
86.2412727272727
72.7676363636364
56.1837272727273
73.0138181818182
79.8607272727273
75.6022727272727
55.1616363636364
70.5862727272727
68.8409090909091
70.6609090909091
82.2337272727273
75.2337272727273
59.0912727272727
75.1940909090909
71.9456363636364
84.8268181818182
75.1012727272727
72.9151818181818
62.1514545454545
81.6447272727273
55.6175454545455
74.4615454545455
62.6592727272727
95.1005454545455
67.2504545454545
51.5869090909091
66.0696363636364
80.0293636363636
59.0540909090909
72.1066363636364
59.8241818181818
67.3265454545455
85.8500909090909
63.164
93.6498181818182
77.6151818181818
64.8869090909091
79.7793636363636
59.3341818181818
86.3786363636364
69.103
76.5809090909091
72.1167272727273
77.7621818181818
72.4140909090909
79.2305454545455
96.6094545454546
72.3290909090909
75.69
73.2994545454545
83.7066363636364
62.7087272727273
76.7731818181818
100.130636363636
88.4623636363636
70.2125454545455
77.5475454545455
57.7384545454545
78.1569090909091
81.1479090909091
72.0432727272727
75.538
80.0243636363636
60.7760909090909
76.5274545454545
64.3034545454545
85.9407272727273
47.9528181818182
78.6265454545455
96.5861818181818
80.1760909090909
55.0679090909091
65.616
87.3095454545455
76.182
82.155
85.8529090909091
90.4437272727273
61.9827272727273
70.7252727272727
84.052
74.0488181818182
68.8744545454545
83.9607272727273
129.331909090909
64.8898181818182
64.1297272727273
64.1227272727273
73.5961818181818
76.7574545454546
74.4658181818182
63.4057272727273
74.186
64.7413636363636
68.8412727272727
80.2909090909091
75.127
65.6453636363636
73.1355454545455
75.0050909090909
63.3751818181818
61.0142727272727
80.1788181818182
78.3067272727273
64.2742727272727
77.2646363636364
77.8369090909091
70.6823636363636
74.7702727272727
63.0627272727273
57.4263636363636
75.8594545454545
98.5761818181818
77.1630909090909
76.4194545454546
63.9843636363636
74.9148181818182
60.8221818181818
79.9295454545455
79.8974545454546
69.3384545454546
65.3388181818182
82.9362727272727
84.775
57.2446363636364
67.3391818181818
87.7259090909091
96.6892727272727
73.5800909090909
67.2536363636364
66.0508181818182
78.6972727272727
91.8204545454546
67.3973636363636
63.5635454545455
62.5399090909091
55.6201818181818
82.0038181818182
80.737
77.9938181818182
68.2961818181818
63.1275454545455
86.6694545454545
78.7656363636364
58.2207272727273
95.8258181818182
52.202
83.7347272727273
75.2295454545455
64.5732727272727
84.8986363636364
73.8976363636364
66.2532727272727
76.2215454545454
83.7863636363636
60.1118181818182
64.589
69.0992727272727
62.746
75.614
56.6996363636364
64.2489090909091
85.7711818181818
70.6911818181818
84.6308181818182
85.4439090909091
51.967
89.9939090909091
66.8968181818182
80.5255454545455
74.614
54.3746363636364
66.0077272727273
75.036
85.9770909090909
70.2098181818182
61.642
88.9397272727273
70.5426363636364
63.446
73.1866363636364
55.2169090909091
61.6744545454545
62.0397272727273
96.6625454545455
52.8074545454545
67.794
75.2999090909091
75.7129090909091
71.8685454545455
68.6910909090909
65.7294545454545
65.6097272727273
79.1834545454546
76.7173636363636
76.2870909090909
89.1870909090909
82.8800909090909
79.9520909090909
63.4809090909091
71.0942727272727
64.1393636363636
55.6215454545455
75.1227272727273
60.3976363636364
74.1357272727273
45.6441818181818
75.2080909090909
72.0313636363636
59.544
56.7651818181818
85.7937272727273
76.7145454545455
74.0249090909091
92.4123636363636
74.4659090909091
67.2920909090909
81.4180909090909
65.0597272727273
89.9832727272727
67.0740909090909
59.2609090909091
65.8407272727273
92.2347272727273
67.1400909090909
78.436
67.0460909090909
68.0006363636364
65.9728181818182
69.4376363636364
78.9328181818182
58.8744545454545
57.9256363636364
74.336
68.4832727272727
69.6010909090909
97.7416363636364
63.1497272727273
69.8960909090909
62.8967272727273
84.3621818181818
59.1446363636364
80.2873636363636
73.6370909090909
65.7590909090909
73.9073636363636
78.0088181818182
64.4423636363636
58.8056363636364
59.0158181818182
56.5553636363636
75.5597272727273
63.5839090909091
93.8772727272727
68.9661818181818
88.7930909090909
85.8324545454546
70.253
76.1956363636364
65.4330909090909
96.2971818181818
72.6230909090909
81.104
67.4697272727273
79.5683636363636
80.9182727272727
72.1461818181818
61.4827272727273
74.0941818181818
70.7376363636364
73.0959090909091
60.9568181818182
75.3608181818182
72.193
69.8641818181818
70.6728181818182
67.7289090909091
77.2580909090909
64.1017272727273
55.8085454545455
57.7296363636364
65.0008181818182
70.3953636363636
75.667
67.3636363636364
79.9191818181818
55.4723636363636
71.6172727272727
71.3025454545455
67.6515454545455
84.5921818181818
52.16
52.3908181818182
97.6479090909091
87.7554545454546
78.1580909090909
82.1478181818182
66.5691818181818
68.0760909090909
61.6712727272727
74.8967272727273
68.6181818181818
73.7355454545455
87.5552727272727
85.0055454545455
65.53
71.5840909090909
68.7088181818182
70.5184545454545
70.4490909090909
75.9865454545454
86.3257272727273
95.7826363636364
49.2167272727273
55.9456363636364
79.5846363636364
79.8536363636364
68.3535454545455
66.0140909090909
87.7688181818182
66.3093636363636
87.2530909090909
67.2308181818182
91.2221818181818
73.9165454545455
73.0488181818182
85.6332727272727
58.6468181818182
96.0780909090909
74.0773636363636
69.4770909090909
82.7973636363636
67.1858181818182
65.0433636363636
74.8730909090909
85.7390909090909
72.7682727272727
66.818
66.8913636363636
65.5632727272727
81.1761818181818
70.5229090909091
76.3910909090909
97.093
87.2474545454545
75.1338181818182
68.6181818181818
87.6286363636364
87.1571818181818
85.8085454545455
80.4014545454545
85.5548181818182
80.8651818181818
74.8053636363636
66.3907272727273
68.7914545454545
71.141
66.8888181818182
65.8619090909091
76.3821818181818
77.9376363636364
61.3325454545455
119.216272727273
77.1119090909091
89.4580909090909
78.8819090909091
80.2556363636364
68.0199090909091
95.4220909090909
65.7978181818182
61.4592727272727
53.567
68.7225454545455
87.6584545454545
78.106
69.4314545454545
73.3411818181818
78.3767272727273
98.9890909090909
100.461727272727
56.2242727272727
64.4928181818182
77.5651818181818
92.1198181818182
71.0286363636364
72.8995454545455
80.4803636363636
73.0703636363636
58.076
76.1323636363636
77.7014545454546
77.0977272727273
87.5869090909091
64.8735454545455
67.3599090909091
72.7444545454545
71.0013636363636
78.078
77.2337272727273
62.5728181818182
73.0031818181818
88.5527272727273
68.4008181818182
90.4023636363636
56.186
67.2504545454545
89.3474545454546
78.9312727272727
80.0999090909091
65.7644545454545
79.4706363636364
57.2619090909091
62.8894545454545
56.6128181818182
95.3151818181818
74.6896363636364
86.666
74.3241818181818
84.6854545454545
61.8781818181818
74.235
74.6261818181818
79.7312727272727
69.9730909090909
93.7887272727273
71.6263636363636
92.7980909090909
69.382
56.1981818181818
94.3778181818182
83.3528181818182
59.3858181818182
70.5667272727273
49.7592727272727
70.9460909090909
83.9525454545455
93.9690909090909
73.3650909090909
85.0075454545455
98.9381818181818
63.4900909090909
76.3597272727273
74.8232727272727
64.7574545454546
73.4414545454545
63.3965454545455
84.4786363636364
86.2762727272727
73.9410909090909
63.8130909090909
76.5144545454546
79.2076363636364
95.9736363636364
73.9129090909091
91.9369090909091
82.3870909090909
76.3257272727273
97.0163636363636
80.9090909090909
82.7959090909091
72.0577272727273
72.8418181818182
70.5825454545455
73.265
72.8431818181818
73.5228181818182
77.9459090909091
86.1611818181818
68.7022727272727
72.1061818181818
68.1707272727273
70.7813636363636
63.2723636363636
60.1096363636364
65.8098181818182
70.1512727272727
84.6404545454545
84.5603636363636
81.0021818181818
71.806
81.025
115.648090909091
66.0664545454545
64.0110909090909
93.9411818181818
58.0966363636364
92.1480909090909
73.3583636363636
68.5338181818182
87.2364545454545
84.8578181818182
71.5906363636364
75.3842727272727
63.9884545454545
58.2287272727273
80.0129090909091
78.0833636363636
92.5149090909091
78.9109090909091
89.6945454545455
85.2930909090909
71.7853636363636
87.0690909090909
64.0507272727273
52.9033636363636
77.1241818181818
63.6639090909091
72.9020909090909
65.9149090909091
94.4186363636364
61.3925454545455
54.4892727272727
86.7234545454545
56.1484545454545
62.9841818181818
69.0759090909091
81.9333636363636
78.4500909090909
64.4200909090909
80.898
77.989
82.0722727272727
69.2658181818182
72.3823636363636
80.4895454545454
70.1162727272727
60.6548181818182
64.3609090909091
67.3756363636364
77.5199090909091
74.2077272727273
68.246
84.9196363636364
63.3537272727273
81.3206363636364
82.2927272727273
89.1403636363636
68.9304545454546
61.67
93.3424545454545
53.1110909090909
74.7838181818182
71.8188181818182
76.7363636363636
77.4090909090909
62.4566363636364
78.0832727272727
70.8497272727273
75.0093636363636
71.7536363636364
82.4470909090909
73.9062727272727
60.5453636363636
64.2873636363636
66.9476363636364
62.8732727272727
63.3497272727273
75.5202727272727
66.1932727272727
61.4896363636364
90.2611818181818
62.5606363636364
51.5721818181818
69.2615454545455
63.6715454545455
58.9242727272727
74.9668181818182
57.6718181818182
66.2421818181818
86.4698181818182
82.0321818181818
76.1663636363636
88.0532727272727
82.9348181818182
68.5521818181818
64.2233636363636
71.1390909090909
90.4400909090909
69.541
76.9258181818182
72.5220909090909
77.0548181818182
61.1146363636364
86.5708181818182
61.9638181818182
70.6628181818182
68.1253636363636
62.7367272727273
61.7242727272727
54.6230909090909
77.9520909090909
64.4715454545455
65.2647272727273
65.4784545454546
70.7034545454545
69.709
73.664
75.4794545454545
65.5654545454545
94.3311818181818
60.3363636363636
79.7899090909091
62.028
60.1783636363636
85.7940909090909
65.4091818181818
82.4058181818182
77.1628181818182
61.9493636363636
76.1202727272727
62.0428181818182
81.276
84.0673636363636
67.1597272727273
75.3270909090909
70.0914545454545
73.1965454545455
61.9908181818182
73.1758181818182
73.7806363636364
80.2909090909091
78.5813636363636
80.3191818181818
87.2544545454545
72.524
86.1045454545455
64.5373636363636
73.3029090909091
68.9187272727273
52.5728181818182
64.0699090909091
83.03
81.2336363636364
64.2628181818182
62.1074545454545
84.612
70.0646363636364
76.9219090909091
79.5429090909091
86.9276363636364
89.4223636363636
52.7844545454545
82.0056363636364
69.5901818181818
74.3589090909091
87.2360909090909
59.2545454545455
67.7353636363636
92.2075454545455
56.1418181818182
91.3312727272727
65.0585454545455
61.1462727272727
74.1985454545455
67.9544545454546
73.9770909090909
77.6317272727273
63.2167272727273
52.7040909090909
72.6706363636364
80.9208181818182
82.0815454545455
93.9074545454545
103.609636363636
62.138
59.2608181818182
64.5212727272727
77.3568181818182
63.3954545454545
80.4777272727273
96.2690909090909
66.7325454545455
83.2470909090909
89.7450909090909
61.7247272727273
72.1339090909091
58.5131818181818
60.9258181818182
70.8670909090909
60.6268181818182
63.7825454545455
91.9166363636364
69.4950909090909
66.6181818181818
63.1123636363636
80.6544545454546
70.9247272727273
69.4748181818182
82.7306363636364
82.7011818181818
70.1951818181818
61.3146363636364
79.5410909090909
79.0203636363636
80.7568181818182
79.882
83.3060909090909
73.6434545454545
65.3242727272727
69.1677272727273
75.7118181818182
80.81
77.2557272727273
69.214
69.5460909090909
77.6891818181818
67.9876363636364
75.0911818181818
69.3403636363636
83.6348181818182
68.9867272727273
56.3927272727273
92.1440909090909
79.337
68.1453636363636
63.6291818181818
72.5427272727273
65.8939090909091
87.0691818181818
72.7322727272727
80.9049090909091
65.7259090909091
79.9995454545455
66.2558181818182
83.461
68.5312727272727
84.2917272727273
67.5191818181818
70.1966363636364
58.2406363636364
73.363
64.6490909090909
69.9538181818182
64.3597272727273
86.9753636363636
73.4139090909091
69.8227272727273
79.9528181818182
72.5779090909091
83.0523636363636
76.7401818181818
77.6425454545455
74.7410909090909
72.8202727272727
64.1993636363636
60.5096363636364
71.1677272727273
72.5180909090909
61.3901818181818
76.6689090909091
75.9027272727273
81.1988181818182
70.8918181818182
81.3884545454546
54.737
72.5652727272727
88.5109090909091
57.3893636363636
75.0334545454545
74.7058181818182
76.872
78.8803636363636
76.9423636363636
83.4913636363636
76.9829090909091
92.5962727272727
66.9285454545455
56.4446363636364
64.0468181818182
79.9861818181818
76.1455454545455
72.7926363636364
64.8894545454545
79.2796363636364
80.6779090909091
64.1526363636364
79.4031818181818
79.3944545454546
62.9490909090909
77.4993636363636
72.687
72.0218181818182
93.1595454545455
92.9248181818182
59.5657272727273
78.7374545454545
64.2722727272727
58.9714545454545
57.9802727272727
66.7004545454545
62.2564545454545
63.5613636363636
57.6876363636364
86.7929090909091
83.7596363636364
70.0236363636364
58.8871818181818
83.2474545454545
66.0822727272727
81.6786363636364
79.7847272727273
72.302
74.4101818181818
89.7696363636364
78.9524545454545
66.8510909090909
71.8766363636364
72.7418181818182
88.7273636363636
86.6048181818182
74.865
75.7690909090909
61.6849090909091
65.0361818181818
88.6020909090909
58.4650909090909
78.1983636363636
65.2940909090909
66.7110909090909
55.5649090909091
81.8310909090909
59.0846363636364
79.07
64.4331818181818
70.0951818181818
80.6383636363636
72.0888181818182
73.9115454545455
61.4941818181818
69.26
58.6721818181818
69.9456363636364
65.5332727272727
80.1034545454546
77.6693636363636
69.3775454545455
52.0679090909091
74.0117272727273
90.4658181818182
61.7839090909091
63.5104545454545
93.5392727272727
80.7445454545455
85.477
63.0670909090909
63.2167272727273
64.1353636363636
65.1435454545455
74.0381818181818
66.6544545454545
59.1373636363636
79.3902727272727
55.4598181818182
85.0656363636364
69.2164545454546
68.3215454545455
51.2283636363636
67.2549090909091
70.7308181818182
59.6040909090909
77.9296363636364
70.7930909090909
79.0028181818182
62.7918181818182
79.4765454545455
77.7748181818182
79.1571818181818
89.8958181818182
51.6694545454545
67.3266363636364
94.9772727272727
97.2341818181818
72.2265454545455
64.175
66.5786363636364
80.3070909090909
85.6057272727273
68.2986363636364
75.1238181818182
80.1348181818182
70.6905454545455
72.9526363636364
59.5306363636364
76.6225454545455
63.1271818181818
67.6372727272727
67.8893636363636
55.0049090909091
63.007
75.9302727272727
74.3831818181818
65.0954545454545
79.4802727272727
60.3892727272727
77.6025454545454
71.1420909090909
75.7079090909091
69.3767272727273
68.2039090909091
65.5562727272727
66.7117272727273
62.2457272727273
75.1388181818182
57.7281818181818
55.0665454545455
60.9557272727273
79.8809090909091
69.9241818181818
63.374
98.3546363636364
87.0476363636364
75.064
85.2171818181818
59.0843636363636
72.4149090909091
74.276
69.7435454545455
60.2008181818182
71.2699090909091
69.6757272727273
72.5423636363636
77.37
71.205
93.1441818181818
49.5825454545455
81.5138181818182
70.6374545454545
58.9365454545455
79.8491818181818
69.6474545454546
90.2342727272727
75.7743636363636
91.9073636363636
93.631
60.1141818181818
65.6014545454545
68.5204545454545
56.375
71.5689090909091
91.4802727272727
67.7580909090909
68.0229090909091
61.1314545454545
67.9623636363636
75.6209090909091
72.7697272727273
56.7809090909091
65.0253636363636
79.9394545454546
60.5819090909091
76.4547272727273
58.7761818181818
74.068
91.7019090909091
74.6632727272727
65.6546363636364
83.1375454545455
68.2656363636364
60.9862727272727
66.9813636363636
60.1879090909091
77.8587272727273
100.250363636364
75.6398181818182
61.6350909090909
87.57
60.7046363636364
61.9719090909091
85.8966363636364
93.8446363636364
84.4254545454546
78.0685454545455
60.5365454545455
81.2653636363636
77.3716363636364
66.7155454545455
100.532545454545
74.0130909090909
69.9322727272727
65.763
79.3545454545455
74.4352727272727
76.9855454545455
71.6054545454545
70.6153636363636
71.9486363636364
77.6439090909091
88.5852727272727
66.659
59.523
66.5400909090909
61.1506363636364
87.7380909090909
74.6223636363636
76.3914545454546
80.0311818181818
66.0262727272727
79.1337272727273
68.9812727272727
76.7374545454546
69.2791818181818
77.4799090909091
74.3176363636364
57.8092727272727
59.6803636363636
88.0479090909091
85.7940909090909
73.3583636363636
69.9253636363636
82.6797272727273
51.7989090909091
65.732
66.3705454545455
73.33
85.5478181818182
74.1293636363636
74.1492727272727
73.549
80.6295454545455
51.2591818181818
85.4465454545455
74.5587272727273
93.4099090909091
80.7885454545455
87.197
74.172
61.0756363636364
73.9352727272727
72.4318181818182
68.4247272727273
52.3263636363636
88.9218181818182
76.9377272727273
71.0286363636364
83.0178181818182
73.1624545454546
67.9045454545455
69.3389090909091
60.6330909090909
62.3198181818182
72.2142727272727
73.6007272727273
73.7675454545455
75.1375454545455
66.0527272727273
75.1146363636364
75.3048181818182
59.5951818181818
88.8891818181818
76.1228181818182
74.5354545454545
72.7765454545455
52.4041818181818
85.5392727272727
66.1657272727273
71.6253636363636
71.6964545454545
64.9402727272727
61.5687272727273
69.6972727272727
75.4569090909091
77.6056363636364
58.0951818181818
80.2388181818182
67.4468181818182
84.3711818181818
65.6735454545455
66.0167272727273
76.8773636363636
62.6033636363636
85.3683636363636
76.4103636363636
84.2552727272727
79.7044545454546
75.1856363636364
76.119
86.2014545454546
62.9959090909091
74.0447272727273
70.0444545454545
87.6980909090909
68.1640909090909
81.0316363636364
64.9247272727273
82.5496363636364
73.8434545454545
79.373
69.0027272727273
49.0486363636364
56.0413636363636
75.4367272727273
85.4973636363636
95.8549090909091
77.7130909090909
75.0602727272727
66.5457272727273
73
78.4676363636364
94.6918181818182
81.2577272727273
78.0316363636364
59.5121818181818
82.6690909090909
60.0312727272727
69.0465454545455
70.8160909090909
81.2057272727273
65.4464545454545
86.9304545454546
67.825
86.4773636363636
84.1887272727273
69.7280909090909
80.2054545454545
64.0099090909091
81.3149090909091
82.5114545454546
66.6697272727273
87.1904545454545
75.3308181818182
56.4446363636364
68.4025454545455
78.4559090909091
66.1725454545455
68.7874545454546
78.5279090909091
65.544
50.3649090909091
75.1104545454545
62.5297272727273
74.2171818181818
79.5520909090909
60.4684545454545
69.26
82.7398181818182
53.0929090909091
88.0123636363636
66.3826363636364
62.3243636363636
78.4921818181818
52.3094545454545
74.8727272727273
64.3191818181818
76.4544545454546
56.3349090909091
70.6131818181818
65.3561818181818
78.8701818181818
84.8548181818182
87.1930909090909
76.9874545454546
81.0347272727273
101.411363636364
62.9657272727273
58.6482727272727
74.8542727272727
84.9500909090909
75.817
55.7870909090909
80.4002727272727
64.8297272727273
75.3943636363636
59.6024545454545
64.832
76.1833636363636
85.0779090909091
79.1138181818182
77.4721818181818
65.2466363636364
79.6272727272727
73.8715454545455
83.4206363636364
77.2605454545455
53.7974545454545
71.4679090909091
62.1013636363636
66.2907272727273
72.9751818181818
76.2751818181818
65.1099090909091
71.5091818181818
59.1871818181818
71.6333636363636
65.6668181818182
65.0070909090909
80.38
68.6513636363636
67.7447272727273
76.2092727272727
66.0099090909091
74.1391818181818
64.0952727272727
74.4175454545455
90.464
79.2324545454545
73.724
68.6808181818182
69.8597272727273
73.1221818181818
83.7450909090909
77.6205454545455
66.1858181818182
63.3645454545455
75.6
66.9601818181818
78.624
79.9995454545455
82.0937272727273
67.5606363636364
80.3922727272727
62.1548181818182
59.9663636363636
77.4392727272727
65.6763636363636
65.6337272727273
60.6474545454545
61.1650909090909
77.8619090909091
68.1944545454545
71.7466363636364
96.4666363636364
91.6597272727273
80.46
76.6242727272727
82.8533636363636
73.8715454545455
95.4637272727273
78.8848181818182
78.7617272727273
79.6722727272727
90.4395454545455
62.7167272727273
72.8034545454545
63.3992727272727
88.9626363636364
68.083
69.1028181818182
56.0355454545455
69.4701818181818
66.7236363636364
84.7865454545454
78.7801818181818
59.4728181818182
90.2678181818182
54.3849090909091
86.2423636363636
59.9406363636364
70.3436363636364
93.8955454545455
58.2792727272727
83.6746363636364
89.6184545454546
62.6074545454545
78.282
78.2513636363636
71.9791818181818
62.7198181818182
85.9449090909091
76.6810909090909
74.8530909090909
86.7767272727273
78.6174545454545
75.8959090909091
73.781
90.1849090909091
65.7003636363636
86.1370909090909
76.7935454545455
63.1053636363636
68.2748181818182
58.1495454545455
91.2852727272727
77.0533636363636
83.5582727272727
88.6557272727273
66.5211818181818
82.8503636363636
75.4353636363636
57.034
67.5875454545454
88.7528181818182
69.2363636363636
54.2064545454545
88.1744545454546
82.274
72.3559090909091
67.6872727272727
98.5578181818182
76.2870909090909
77.6891818181818
63.5263636363636
89.4779090909091
84.5504545454545
74.0791818181818
86.6875454545455
82.0761818181818
50.8883636363636
67.9057272727273
80.7885454545455
97.9993636363636
62.868
51.2208181818182
80.2640909090909
90.3490909090909
89.0239090909091
78.9049090909091
88.6557272727273
61.7898181818182
62.805
75.004
82.5702727272727
79.6191818181818
74.0212727272727
63.6144545454545
72.1289090909091
57.3032727272727
77.7150909090909
60.236
73.0687272727273
78.5279090909091
62.3788181818182
82.9599090909091
67.3637272727273
80.1732727272727
60.3961818181818
101.028181818182
70.3421818181818
62.7759090909091
73.6871818181818
87.419
65.7563636363636
80.6461818181818
82.385
67.5618181818182
72.9131818181818
79.8499090909091
83.0723636363636
66.0630909090909
77.592
81.1355454545455
63.5852727272727
49.0482727272727
74.3241818181818
76.7127272727273
79.4214545454546
70.751
70.2831818181818
79.9532727272727
63.8772727272727
80.2974545454545
58.8081818181818
97.6435454545455
83.9226363636364
79.6778181818182
64.0362727272727
72.4086363636364
81.7332727272727
80.4731818181818
78.4761818181818
84.883
51.5370909090909
63.696
64.3336363636364
71.6141818181818
71.5478181818182
75.5
85.5280909090909
56.6371818181818
67.2626363636364
65.7552727272727
73.928
65.756
73.5730909090909
68.9720909090909
65.4330909090909
76.8069090909091
71.1884545454545
90.6411818181818
70.5438181818182
62.7698181818182
79.4632727272727
71.944
60.0379090909091
73.608
78.6265454545455
75.7473636363636
94.5484545454545
50.3712727272727
63.8147272727273
70.7881818181818
82.8585454545454
69.8763636363636
65.9475454545455
69.9839090909091
75.1812727272727
62.0589090909091
60.8740909090909
64.8733636363636
74.984
69.9551818181818
62.1278181818182
60.3046363636364
71.7442727272727
75.948
79.8755454545455
83.879
66.5116363636364
81.2525454545455
85.2841818181818
73.479
59.4787272727273
66.3734545454545
65.9525454545455
76.7519090909091
72.6426363636364
71.1195454545455
92.2867272727273
72.1372727272727
76.8974545454546
76.681
70.3872727272727
67.1213636363636
72.2946363636364
82.2786363636364
71.1808181818182
91.512
72.1675454545455
65.937
56.2910909090909
77.0816363636364
70.7414545454545
71.4434545454545
91.799
56.6931818181818
93.9812727272727
63.7373636363636
74.2511818181818
69.0733636363636
78.1341818181818
75.2913636363636
66.8887272727273
42.558
85.4947272727273
57.5129090909091
79.5240909090909
54.6421818181818
98.7318181818182
60.4095454545455
69.4111818181818
76.5466363636364
95.9001818181818
75.7102727272727
59.8632727272727
51.546
65.1551818181818
67.894
69.203
99.3424545454545
65.2867272727273
65.2478181818182
66.7138181818182
71.0974545454546
77.5157272727273
77.2554545454546
65.1662727272727
69.4686363636364
57.6695454545455
67.9463636363636
78.9634545454546
81.8029090909091
60.7588181818182
89.0899090909091
80.7593636363636
57.9065454545455
60.6114545454545
60.6811818181818
76.9856363636364
84.3004545454545
79.3466363636364
67.2065454545455
68.6181818181818
66.5979090909091
74.1442727272727
80.5599090909091
71.5611818181818
96.7457272727273
77.4815454545455
66.2463636363636
85.2673636363636
66.6195454545455
72.7857272727273
69.0668181818182
71.5641818181818
81.3070909090909
64.788
74.0466363636364
71.022
71.3610909090909
85.1483636363636
72.1303636363636
86.6671818181818
84.9380909090909
71.985
83.4848181818182
85.3840909090909
63.252
58.4224545454545
77.4452727272727
66.9408181818182
100.657
71.9872727272727
70.8030909090909
81.603
78.979
68.0431818181818
62.1771818181818
65.599
67.9294545454545
72.5855454545455
79.5683636363636
55.6470909090909
84.9703636363636
85.3573636363636
54.7461818181818
70.5729090909091
67.187
77.4340909090909
67.9345454545455
53.5656363636364
76.9738181818182
59.858
70.4438181818182
64.5775454545455
60.9781818181818
55.4203636363636
69.3909090909091
71.2106363636364
61.8340909090909
88.3287272727273
104.008454545455
80.8276363636364
74.6888181818182
65.3186363636364
78.0472727272727
70.12
67.1291818181818
83.3753636363636
71.4425454545455
87.0929090909091
57.5737272727273
55.3725454545455
74.4658181818182
68.7409090909091
76.6953636363636
57.1938181818182
78.1971818181818
79.9011818181818
76.9218181818182
71.04
65.3361818181818
80.7880909090909
75.478
79.4706363636364
74.3161818181818
66.4894545454545
61.7584545454545
63.2144545454545
69.1788181818182
69.3378181818182
77.5518181818182
67.6915454545455
79.0257272727273
45.0271818181818
61.5933636363636
72.9018181818182
74.0279090909091
69.1121818181818
62.0610909090909
63.1960909090909
63.6247272727273
70.9439090909091
77.8403636363636
66.7781818181818
72.8228181818182
65.0043636363636
66.1220909090909
98.3277272727273
90.7315454545455
61.9908181818182
77.7
62.4871818181818
84.006
70.0373636363636
73.9464545454545
64.2325454545455
59.0927272727273
85.7350909090909
58.7512727272727
70.0733636363636
73.877
74.5671818181818
91.8499090909091
104.509636363636
80.2395454545454
57.7587272727273
69.8340909090909
61.7403636363636
60.3774545454545
68.6390909090909
70.3727272727273
77.0939090909091
57.3116363636364
70.4516363636364
63.4091818181818
91.6880909090909
88.4122727272727
69.4181818181818
58.4473636363636
72.1262727272727
69.031
66.1576363636364
100.790090909091
69.4048181818182
90.238
70.1656363636364
56.2257272727273
66.6564545454546
80.2816363636364
56.3088181818182
82.4657272727273
102.926727272727
64.6985454545455
94.2817272727273
72.9216363636364
79.8552727272727
74.3752727272727
78.185
67.608
54.6072727272727
83.2524545454545
79.8844545454545
63.7250909090909
70.8482727272727
68.1610909090909
88.8236363636364
91.6296363636364
82.9402727272727
64.4635454545455
71.472
58.3106363636364
97.0739090909091
51.8659090909091
78.4493636363636
70.5047272727273
48.4409090909091
74.8879090909091
62.8411818181818
60.0796363636364
59.7013636363636
85.4546363636364
82.7394545454545
55.6540909090909
63.5743636363636
84.6845454545455
58.2072727272727
87.5808181818182
62.6077272727273
78.0593636363636
66.4136363636364
75.508
75.0131818181818
68.5396363636364
66.985
55.149
80.9902727272727
78.8490909090909
82.0668181818182
103.104818181818
64.0976363636364
61.5133636363636
82.271
65.5730909090909
77.2244545454545
63.9302727272727
68.9373636363636
71.4315454545455
84.8876363636364
66.089
61.2826363636364
74.2613636363636
85.6190909090909
80.8142727272727
59.4426363636364
66.6015454545455
72.4856363636364
59.6113636363636
69.7575454545455
71.7510909090909
106.599636363636
79.0750909090909
65.2063636363636
88.1936363636364
80.6783636363636
55.8302727272727
76.987
75.6500909090909
80.8768181818182
70.8401818181818
90.7419090909091
83.1644545454545
76.5117272727273
66.8924545454545
57.9482727272727
75.3538181818182
81.7435454545455
74.2189090909091
59.2776363636364
65.4865454545454
91.6294545454545
76.95
69.459
61.3178181818182
64.8508181818182
66.6687272727273
87.0348181818182
65.8829090909091
66.8780909090909
82.3778181818182
66.8765454545455
101.613090909091
65.0736363636364
72.4251818181818
74.9749090909091
71.7309090909091
76.5408181818182
92.6900909090909
48.46
71.0982727272727
88.8689090909091
63.9506363636364
67.7542727272727
55.4218181818182
67.1443636363636
62.0025454545455
82.215
67.9754545454545
89.5490909090909
58.3582727272727
89.5312727272727
75.4002727272727
76.5918181818182
65.9535454545454
62.0802727272727
78.9634545454546
78.3398181818182
66.7336363636364
75.9608181818182
71.7133636363636
67.2404545454546
69.0196363636364
85.7455454545455
66.1820909090909
63.4568181818182
65.7468181818182
84.2923636363636
79.7695454545455
67.113
64.5045454545455
65.4604545454546
79.9946363636364
77.1433636363636
79.3828181818182
71.0605454545455
80.9794545454545
76.2859090909091
75.197
74.1734545454545
78.0662727272727
72.4841818181818
55.6087272727273
82.2389090909091
95.9705454545455
56.2605454545455
97.3394545454545
76.6506363636364
61.9505454545455
70.7897272727273
70.3546363636364
67.1785454545455
85.3757272727273
82.5410909090909
64.9875454545455
55.5505454545455
92.3973636363636
81.1039090909091
83.2141818181818
74.1174545454545
63.5716363636364
62.2418181818182
82.2928181818182
52.2256363636364
76.6517272727273
75.3577272727273
83.7530909090909
91.1687272727273
67.9462727272727
82.1017272727273
63.892
72.3130909090909
59.1080909090909
80.8485454545455
88.5235454545455
64.1917272727273
58.4373636363636
87.646
79.2641818181818
73.6244545454546
60.2047272727273
65.3918181818182
84.3851818181818
64.8018181818182
73.1973636363636
73.5765454545455
62.8853636363636
68.3484545454545
82.8653636363636
64.6200909090909
69.2858181818182
65.8847272727273
62.0489090909091
73.7909090909091
75.6500909090909
86.3521818181818
64.9255454545455
89.3125454545455
68.6994545454545
83.2194545454545
87.8801818181818
65.3959090909091
70.8010909090909
64.2809090909091
69.8213636363636
66.1798181818182
65.8118181818182
59.6496363636364
61.9302727272727
79.4749090909091
58.548
70.5972727272727
65.735
73.8380909090909
81.8839090909091
57.0325454545455
77.4396363636364
74.6538181818182
68.7022727272727
87.1265454545455
64.1338181818182
71.5372727272727
62.5422727272727
54.4829090909091
99.7151818181818
61.9424545454545
74.2260909090909
67.157
97.0955454545455
63.9347272727273
76.9998181818182
68.7777272727273
74.2254545454546
75.064
66.2112727272727
61.7515454545455
62.8267272727273
63.6032727272727
56.4542727272727
100.878545454545
82.7918181818182
79.0579090909091
48.6675454545455
76.7467272727273
67.1010909090909
79.7404545454545
83.0874545454545
76.112
70.7963636363636
74.9836363636364
87.032
90.4234545454545
90.5719090909091
59.0134545454545
69.6671818181818
62.4446363636364
76.8348181818182
71.1846363636364
70.7439090909091
70.2054545454545
53.0914545454545
81.7382727272727
58.6455454545455
80.682
61.952
69.6890909090909
56.5933636363636
79.8687272727273
66.5607272727273
70.7949090909091
70.8715454545455
78.2314545454545
75.5089090909091
71.4980909090909
56.5033636363636
82.4351818181818
86.7487272727273
75.5405454545455
72.5978181818182
63.4047272727273
65.5145454545455
56.3689090909091
81.937
85.0836363636364
99.9421818181818
71.2646363636364
73.6007272727273
56.7573636363636
85.1000909090909
67.7361818181818
80.2159090909091
92.5455454545455
71.9482727272727
72.2904545454546
81.2842727272727
61.7495454545455
87.243
62.2663636363636
70.281
75.9586363636364
62.6861818181818
77.314
59.0847272727273
76.0094545454545
70.1523636363636
96.0096363636364
73.1916363636364
71.2262727272727
61.6738181818182
71.8973636363636
67.1730909090909
66.2420909090909
77.4326363636364
88.0532727272727
62.4580909090909
74.4858181818182
79.4709090909091
96.5489090909091
78.2904545454546
66.5211818181818
81.7859090909091
72.4231818181818
62.1082727272727
58.3582727272727
59.735
59.1156363636364
86.4591818181818
68.9614545454545
69.7933636363636
58.5074545454545
58.0882727272727
72.4107272727273
75.5207272727273
65.785
66.5589090909091
86.4215454545455
100.842454545455
67.7484545454545
84.5611818181818
66.3213636363636
80.1065454545455
83.8254545454545
85.7738181818182
67.067
84.5706363636364
66.2066363636364
58.3596363636364
81.8304545454545
77.9364545454546
64.4878181818182
64.3630909090909
73.412
77.4120909090909
55.7476363636364
74.3761818181818
69.2217272727273
70.9846363636364
71.9205454545455
75.0320909090909
56.6465454545455
63.6709090909091
63.9149090909091
66.7072727272727
68.9868181818182
66.6978181818182
94.0520909090909
68.2588181818182
75.8716363636364
67.317
75.8622727272727
68.9396363636364
63.9123636363636
77.6926363636364
58.6139090909091
65.1688181818182
100.570090909091
75.2579090909091
55.2290909090909
69.6875454545455
62.8344545454545
76.5274545454545
72.3562727272727
81.2359090909091
61.7368181818182
53.2795454545455
49.0674545454545
88.8505454545455
60.9180909090909
91.4411818181818
69.8055454545455
85.2677272727273
55.898
73.0985454545455
64.8592727272727
68.2426363636364
73.8552727272727
74.8970909090909
87.4405454545455
65.9045454545455
64.3089090909091
74.9653636363636
71.5478181818182
73.6891818181818
76.2508181818182
87.252
61.2398181818182
76.7648181818182
71.0560909090909
84.6979090909091
74.0427272727273
68.5048181818182
71.2301818181818
88.9400909090909
77.4824545454545
88.0886363636364
59.1015454545455
76.9936363636364
55.9286363636364
68.9905454545455
58.7521818181818
66.6483636363636
68.7892727272727
75.2428181818182
61.1436363636364
68.0715454545455
79.7863636363636
67.6844545454545
72.0218181818182
59.237
73.0835454545455
66.9274545454546
59.4318181818182
79.9658181818182
84.9967272727273
70.8610909090909
70.2755454545455
73.1302727272727
59.3236363636364
75.9555454545455
82.219
59.4952727272727
76.7161818181818
63.7422727272727
65.5573636363636
76.565
62.1531818181818
74.3575454545455
71.8468181818182
106.728636363636
74.0876363636364
57.604
55.6887272727273
57.9201818181818
88.9692727272727
68.12
72.3213636363636
75.5460909090909
66.9087272727273
59.005
78.919
54.2478181818182
56.5569090909091
92.6807272727273
67.1680909090909
57.4356363636364
69.598
67.2865454545455
56.1093636363636
51.1485454545455
74.9289090909091
65.8868181818182
113.523181818182
73.1781818181818
76.7580909090909
77.6642727272727
81.7474545454545
71.0620909090909
75.677
75.3019090909091
56.8576363636364
66.121
55.8434545454545
63.8551818181818
71.0459090909091
72.9715454545455
82.2909090909091
80.5244545454545
55.4940909090909
78.4367272727273
85.8447272727273
64.5423636363636
69.2232727272727
89.3272727272727
68.9334545454546
58.2125454545455
71.1821818181818
64.4489090909091
58.7644545454545
98.4958181818182
67.9237272727273
58.9231818181818
91.2126363636364
67.3885454545455
56.5545454545455
76.0803636363636
70.0646363636364
84.8921818181818
64.6135454545455
109.339454545455
62.5178181818182
56.0876363636364
84.2327272727273
66.3838181818182
74.9943636363636
65.1336363636364
91.8885454545455
69.9481818181818
66.3232727272727
62.7504545454545
64.9699090909091
54.9834545454545
68.0331818181818
91.8292727272727
65.8028181818182
69.2163636363636
58.2781818181818
55.1416363636364
95.2766363636364
69.6304545454546
89.7237272727273
57.9858181818182
74.9162727272727
91.05
73.6230909090909
52.1242727272727
72.3620909090909
76.2579090909091
76.6215454545455
74.8344545454545
66.2735454545455
71.7070909090909
79.3470909090909
73.9372727272727
81.55
78.2660909090909
81.9318181818182
73.2983636363636
63.1510909090909
91.3290909090909
55.0735454545455
78.2808181818182
61.6477272727273
58.8654545454545
70.0710909090909
82.6605454545455
74.4193636363636
60.0129090909091
67.2374545454545
73.6703636363636
62.6556363636364
65.2668181818182
73.8778181818182
62.2138181818182
61.5937272727273
60.9272727272727
78.0448181818182
90.3165454545455
67.3359090909091
73.193
56.6648181818182
86.1573636363636
81.995
79.7496363636364
63.2232727272727
54.8117272727273
82.3687272727273
67.9030909090909
67.0775454545455
81.0084545454545
62.6907272727273
65.417
72.2280909090909
73.2516363636364
67.5574545454545
90.9936363636364
68.8860909090909
72.9404545454545
75.7198181818182
85.4571818181818
57.064
74.1798181818182
78.5227272727273
65.8364545454545
58.5144545454545
63.9145454545455
72.7643636363636
76.4071818181818
63.1098181818182
66.3705454545455
71.5452727272727
98.4159090909091
90.1596363636364
72.6519090909091
60.945
58.3515454545455
70.2541818181818
77.4090909090909
61.7234545454545
73.8284545454545
84.7146363636364
84.2540909090909
69.4721818181818
68.6930909090909
65.2790909090909
75.9662727272727
67.1544545454545
63.7482727272727
66.7793636363636
66.6486363636364
61.1934545454545
63.5661818181818
66.7954545454545
78.1997272727273
70.235
63.6849090909091
56.8052727272727
56.3152727272727
77.879
72.3156363636364
64.5665454545455
72.7270909090909
87.1617272727273
68.1990909090909
72.1442727272727
81.6008181818182
64.7902727272727
64.3194545454545
68.9946363636364
83.58
61.4444545454545
54.0166363636364
73.1770909090909
76.2161818181818
90.7909090909091
61.6704545454545
86.0717272727273
67.351
88.4823636363636
69.8641818181818
65.9020909090909
83.765
62.1705454545455
68.638
59.3037272727273
92.1860909090909
73.1902727272727
74.3748181818182
59.8111818181818
68.2403636363636
72.5388181818182
59.2664545454546
109.120181818182
67.3577272727273
58.4642727272727
83.2581818181818
72.4346363636364
83.1836363636364
59.8698181818182
51.0988181818182
75.215
87.0170909090909
83.3136363636364
69.7225454545455
73.4418181818182
70.6147272727273
66.9825454545455
78.8486363636364
81.8706363636364
68.0635454545455
62.2993636363636
74.6914545454545
70.1590909090909
60.6843636363636
81.4913636363636
71.1518181818182
78.0379090909091
69.4100909090909
61.5969090909091
81.1092727272727
63.1900909090909
83.7947272727273
85.9953636363636
63.8149090909091
74.3964545454545
91.4734545454545
79.1246363636364
73.8878181818182
70.7009090909091
71.8405454545454
83.9368181818182
91.0705454545455
82.2549090909091
74.5059090909091
81.665
72.6231818181818
76.4337272727273
62.8064545454545
111.666818181818
88.0226363636364
85.5548181818182
57.7426363636364
81.3148181818182
60.4370909090909
68.6139090909091
80.9554545454545
53.4991818181818
66.2532727272727
71.1808181818182
86.2560909090909
63.8771818181818
81.2551818181818
90.2384545454545
58.7908181818182
105.576363636364
74.1522727272727
85.6642727272727
59.5669090909091
78.5093636363636
63.9470909090909
57.1534545454545
68.3119090909091
85.6176363636364
65.815
75.2320909090909
80.4683636363636
75.426
64.4125454545455
68.4840909090909
62.4821818181818
79.6363636363636
67.0755454545455
84.4486363636364
64.963
83.6841818181818
89.867
73.9115454545455
84.2527272727273
65.9123636363636
97.1486363636364
63.6155454545455
62.9056363636364
82.7260909090909
88.8810909090909
56.6463636363636
71.3064545454546
66.4441818181818
77.8720909090909
72.615
62.3319090909091
67.5532727272727
67.7955454545455
59.8587272727273
84.0494545454546
63.3929090909091
66.6855454545455
62.0091818181818
73.6202727272727
57.095
70.8605454545455
62.3008181818182
73.2516363636364
70.5770909090909
65.7579090909091
73.9393636363636
63.2970909090909
75.6195454545455
71.0676363636364
105.350818181818
68.8183636363636
99.7274545454545
77.7486363636364
72.0952727272727
52.839
61.0399090909091
72.9112727272727
72.2592727272727
81.1811818181818
107.220363636364
58.896
91.914
57.1177272727273
71.0800909090909
68.0741818181818
72.2117272727273
67.5655454545455
69.3222727272727
56.5527272727273
52.5544545454545
64.1028181818182
55.3410909090909
75.6393636363636
66.083
65.7438181818182
69.2153636363636
61.3135454545455
59.3515454545455
81.7520909090909
71.3010909090909
62.6325454545455
69.7078181818182
66.3937272727273
66.9839090909091
64.2153636363636
63.1240909090909
59.8915454545455
60.2587272727273
80.6418181818182
74.235
82.4513636363636
72.1664545454545
74.9556363636364
70.4259090909091
77.6623636363636
76.6896363636364
72.8228181818182
77.9656363636364
59.5973636363636
70.7472727272727
73.291
58.5718181818182
69.9544545454546
80.7719090909091
60.5882727272727
78.5665454545455
62.8951818181818
71.5732727272727
75.1735454545455
67.7607272727273
68.8542727272727
78.1301818181818
72.9981818181818
60.7260909090909
71.7601818181818
76.1121818181818
63.4434545454545
70.5756363636364
61.0341818181818
63.3931818181818
73.9555454545455
57.04
79.7851818181818
89.684
63.6654545454546
65.7269090909091
86.6417272727273
76.6235454545455
69.3255454545454
81.0675454545455
78.2597272727273
59.8816363636364
62.08
82.049
73.997
98.8528181818182
57.2603636363636
88.5098181818182
69.6370909090909
62.6756363636364
70.0709090909091
51.3177272727273
62.7972727272727
70.475
85.2091818181818
65.1592727272727
65.0803636363636
69.0244545454545
66.1120909090909
71.0794545454546
79.704
84.4800909090909
71.0974545454546
76.7934545454546
83.3461818181818
70.1460909090909
78.4710909090909
86.0930909090909
75.0279090909091
73.7496363636364
79.484
58.1219090909091
83.4806363636364
61.2951818181818
64.1939090909091
88.2671818181818
110.489181818182
68.284
59.0992727272727
63.7372727272727
74.2162727272727
93.8624545454546
76.5133636363636
90.0939090909091
68.2269090909091
71.3997272727273
69.445
85.2463636363636
79.3330909090909
67.4605454545455
72.4223636363636
67.3170909090909
56.0120909090909
74.408
71.0001818181818
67.627
82.1820909090909
65.7602727272727
53.1248181818182
76.764
55.7897272727273
75.7820909090909
82.1002727272727
72.5438181818182
55.3002727272727
85.2693636363636
76.0812727272727
58.5797272727273
76.0574545454545
81.6302727272727
58.8159090909091
52.6393636363636
72.4760909090909
68.5032727272727
75.332
76.9032727272727
67.212
64.6399090909091
76.1679090909091
56.7255454545455
60.5200909090909
85.3425454545455
63.0157272727273
76.6667272727273
60.0637272727273
57.7105454545455
82.2136363636364
64.4357272727273
69.0770909090909
74.6675454545455
63.4518181818182
80.7556363636364
91.6509090909091
76.1495454545455
63.7642727272727
85.1502727272727
80.8157272727273
77.3911818181818
75.2429090909091
76.4163636363636
72.9461818181818
61.9332727272727
73.1501818181818
94.4953636363636
83.1233636363636
72.5154545454545
66.4625454545454
81.8987272727273
81.9669090909091
69.2458181818182
85.9747272727273
95.0239090909091
80.4174545454545
71.4505454545455
65.1301818181818
63.1064545454545
73.749
66.2009090909091
69.8372727272727
72.2341818181818
67.5632727272727
63.6361818181818
68.3495454545454
56.0425454545455
77.0607272727273
68.9410909090909
86.0444545454545
67.4763636363636
45.7287272727273
84.4662727272727
73.5991818181818
83.9314545454545
91.8362727272727
79.237
65.5553636363636
83.4048181818182
73.714
77.604
67.3507272727273
72.643
58.189
49.5740909090909
80.2770909090909
63.4846363636364
67.245
71.0377272727273
68.6705454545455
67.1689090909091
76.3897272727273
68.9959090909091
73.3760909090909
83.8150909090909
72.8243636363636
68.7036363636364
80.057
79.2211818181818
58.6112727272727
64.8723636363636
76.967
69.9705454545455
70.7886363636364
85.8695454545455
65.2927272727273
73.2986363636364
78.3627272727273
88.3031818181818
68.5341818181818
68.1228181818182
81.3978181818182
72.0964545454545
67.7676363636364
61.7737272727273
77.2275454545455
71.7734545454546
67.9635454545455
60.0757272727273
62.9458181818182
64.248
60.6356363636364
75.1342727272727
81.0974545454546
101.735545454545
52.7133636363636
56.4569090909091
60.6686363636364
72.5814545454545
75.6175454545454
67.257
65.1516363636364
65.0633636363636
74.3559090909091
74.7839090909091
77.5465454545455
82.744
70.7827272727273
89.5101818181818
72.8034545454545
70.5725454545455
72.6252727272727
85.793
75.2018181818182
66.4588181818182
74.3628181818182
74.2243636363636
73.9517272727273
70.5649090909091
77.1487272727273
81.9384545454545
66.9404545454545
59.2229090909091
58.4532727272727
69.5276363636364
67.675
69.115
71.2446363636364
66.0313636363636
69.7052727272727
90.9535454545455
75.2616363636364
70.0646363636364
65.962
64.1284545454545
53.1811818181818
74.7071818181818
63.854
71.1244545454546
78.4704545454545
74.9997272727273
83.2579090909091
82.9376363636364
64.4892727272727
69.6823636363636
62.5081818181818
72.7553636363636
62.8064545454545
68.1333636363636
72.8049090909091
56.3113636363636
75.6007272727273
77.3613636363636
74.8785454545455
67.9744545454545
57.7679090909091
59.7095454545455
63.2002727272727
87.0800909090909
67.0609090909091
71.8689090909091
72.4919090909091
60.4813636363636
82.1855454545455
73.7174545454545
57.9187272727273
77.8395454545455
79.352
72.0167272727273
78.6158181818182
93.884
84.8299090909091
74.1342727272727
91.7084545454545
79.895
64.9120909090909
61.5557272727273
69.1136363636364
66.7861818181818
63.6556363636364
56.713
67.902
67.4855454545455
74.0145454545455
83.9735454545455
78.1489090909091
65.2278181818182
75.0269090909091
61.6769090909091
101.943
59.7868181818182
73.2393636363636
78.0007272727273
78.7
67.4523636363636
78.181
81.107
77.1550909090909
66.3704545454545
56.3164545454545
67.5020909090909
73.1819090909091
84.5118181818182
68.6786363636364
72.4229090909091
88.6194545454545
72.3570909090909
70.8828181818182
67.9451818181818
88.9604545454546
78.2131818181818
79.7191818181818
71.6561818181818
71.5703636363636
69.136
73.5306363636364
62.9572727272727
61.5336363636364
79.7791818181818
70.5610909090909
82.8880909090909
78.7360909090909
92.2664545454546
85.8740909090909
67.7312727272727
61.7698181818182
83.7773636363636
79.6351818181818
75.0482727272727
89.7201818181818
91.5269090909091
91.0389090909091
70.6717272727273
59.0006363636364
72.4267272727273
66.4026363636364
92.0943636363636
68.0715454545455
91.2973636363636
78.2305454545455
64.9606363636364
75.8808181818182
88.3551818181818
63.3409090909091
71.0364545454545
76.7693636363636
78.2560909090909
81.6866363636364
77.7680909090909
76.336
61.6030909090909
67.3775454545455
79.1662727272727
89.8105454545455
64.7971818181818
74.6006363636364
66.5002727272727
79.9126363636364
74.6770909090909
84.516
98.7431818181818
56.9051818181818
66.2804545454545
72.5519090909091
82.211
80.5806363636364
59.8926363636364
61.5688181818182
67.8954545454546
74.0182727272727
69.5083636363636
59.4437272727273
59.0648181818182
72.5266363636364
85.8254545454545
53.1808181818182
58.52
74.6622727272727
77.0641818181818
74.7249090909091
94.0563636363636
61.98
67.072
79.8942727272727
80.2319090909091
74.5854545454545
71.9057272727273
65.8842727272727
66.7685454545455
57.0042727272727
81.9268181818182
76.6667272727273
95.0549090909091
63.4352727272727
75.9333636363636
69.8618181818182
71.0817272727273
69.3009090909091
68.6885454545454
82.2282727272727
66.52
79.1846363636364
65.5842727272727
68.5260909090909
65.8750909090909
69.7359090909091
65.3752727272727
67.9588181818182
71.8040909090909
87.6246363636364
66.4748181818182
77.229
64.1190909090909
86.0141818181818
52.6550909090909
63.4582727272727
80.7166363636364
74.7035454545455
80.1584545454545
63.8142727272727
84.7681818181818
75.2245454545455
75.7868181818182
61.2231818181818
89.5780909090909
84.6384545454546
71.3129090909091
66.8507272727273
68.9036363636364
74.4695454545455
56.2777272727273
60.0546363636364
78.6501818181818
80.9354545454545
61.136
91.6677272727273
76.6636363636364
76.8170909090909
83.9754545454546
76.1561818181818
91.8794545454545
52.9282727272727
59.5892727272727
58.795
66.1129090909091
103.456818181818
67.7244545454545
98.1496363636364
76.4045454545455
61.5361818181818
61.9852727272727
67.2604545454546
61.1251818181818
82.63
54.9131818181818
80.4894545454545
81.2179090909091
83.4570909090909
85.8380909090909
70.9496363636364
72.6680909090909
75.3808181818182
68.0466363636364
58.057
84.3915454545455
92.9354545454545
83.0497272727273
80.7513636363636
69.8881818181818
69.9604545454546
83.7224545454546
93.6765454545455
79.1184545454546
66.1097272727273
59.6504545454545
100.101181818182
66.0040909090909
79.7790909090909
83.5142727272727
71.9191818181818
65.177
73.5095454545455
79.845
64.7585454545455
64.4660909090909
65.4025454545455
69.7491818181818
68.0144545454545
71.4638181818182
69.4329090909091
76.1502727272727
69.6442727272727
77.9111818181818
75.5406363636364
73.2144545454545
74.0421818181818
67.5246363636364
64.484
67.5069090909091
61.8916363636364
67.3734545454545
78.6856363636364
81.2241818181818
87.9984545454545
86.029
84.2983636363636
69.7093636363636
87.9973636363636
69.1096363636364
92.2541818181818
63.2964545454545
73.6604545454545
85.3943636363636
62.3398181818182
84.5397272727273
79.9722727272727
56.7621818181818
82.8039090909091
61.5233636363636
72.8834545454546
61.4049090909091
56.0933636363636
71.1501818181818
58.9259090909091
69.6354545454546
70.5277272727273
64.4877272727273
68.7880909090909
56.2165454545455
58.3367272727273
75.3791818181818
70.7157272727273
64.5381818181818
60.7057272727273
75.448
96.8586363636364
84.799
66.9263636363636
98.487
76.5395454545455
69.8077272727273
61.85
80.6794545454545
58.8671818181818
61.8973636363636
60.7562727272727
75.2040909090909
81.5260909090909
73.7698181818182
59.6206363636364
70.5194545454546
75.2443636363636
74.2028181818182
66.592
75.3847272727273
55.2564545454545
87.1989090909091
76.3007272727273
71.1594545454546
72.1373636363636
89.9391818181818
85.1191818181818
69.8564545454546
74.4566363636364
70.0699090909091
69.9750909090909
70.6670909090909
63.5182727272727
80.4002727272727
65.1753636363636
96.4666363636364
68.3727272727273
75.7304545454545
68.0557272727273
86.9887272727273
68.2706363636364
76.5515454545455
61.8731818181818
81.5725454545455
76.1782727272727
67.2976363636364
84.4103636363636
69.214
87.8985454545455
61.3858181818182
55.459
59.4960909090909
73.4203636363636
80.0741818181818
67.5497272727273
69.8851818181818
81.1456363636364
75.2040909090909
51.9392727272727
76.756
71.412
51.6173636363636
64.7573636363636
88.5060909090909
73.5708181818182
76.5528181818182
67.2400909090909
59.0762727272727
72.6872727272727
71.3274545454545
57.4874545454545
85.2145454545455
65.2380909090909
67.5949090909091
83.8610909090909
62.4485454545455
76.1694545454545
72.0489090909091
61.5925454545455
53.1131818181818
87.0849090909091
93.2642727272727
59.1436363636364
67.5190909090909
78.3306363636364
71.0230909090909
74.9557272727273
76.7127272727273
58.1460909090909
71.4190909090909
77.3262727272727
91.0909090909091
60.0264545454545
90.6383636363636
74.8104545454545
63.7445454545455
72.3754545454545
71.5054545454545
88.9758181818182
62.1894545454545
78.2947272727273
80.9569090909091
74.4228181818182
81.4991818181818
78.7023636363636
72.5412727272727
83.3428181818182
77.9899090909091
68.1627272727273
81.8637272727273
84.8630909090909
66.0866363636364
81.0984545454545
84.7387272727273
70.0241818181818
61.9587272727273
54.5555454545455
80.8351818181818
67.0317272727273
53.5570909090909
65.9564545454545
76.1979090909091
63.2603636363636
62.3058181818182
62.8072727272727
57.4245454545455
55.2882727272727
68.6433636363636
98.198
70.1081818181818
54.3145454545455
68.351
93.0183636363636
64.6184545454545
62.8076363636364
75.4830909090909
76.2925454545455
73.162
65.317
89.1403636363636
61.8478181818182
85.7233636363636
67.3757272727273
83.5835454545455
72.4469090909091
83.326
66.7888181818182
72.7213636363636
66.5098181818182
65.9605454545455
68.1066363636364
68.0881818181818
66.5577272727273
89.76
61.3131818181818
66.0231818181818
65.4139090909091
68.7038181818182
54.2828181818182
76.0849090909091
63.2248181818182
75.82
88.3751818181818
80.6473636363636
62.5799090909091
73.3695454545455
85.6896363636364
63.2174545454545
75.956
54.6260909090909
73.3250909090909
88.82
85.1865454545455
80.46
81.244
69.6034545454546
64.3871818181818
73.8180909090909
80.5511818181818
62.1694545454545
75.0962727272727
67.2603636363636
77.724
56.9106363636364
69.4315454545455
117.026
63.1739090909091
84.2348181818182
76.3376363636364
80.9092727272727
69.7085454545455
86.8646363636364
89.5581818181818
78.1928181818182
68.5048181818182
66.4465454545455
85.6350909090909
79.6987272727273
65.293
54.0660909090909
77.8491818181818
75.3690909090909
72.694
78.4687272727273
76.3796363636364
64.2650909090909
60.1702727272727
84.4902727272727
83.9414545454545
77.8520909090909
74.0772727272727
63.1975454545455
65.6750909090909
58.189
68.5549090909091
83.0682727272727
70.7134545454545
55.2002727272727
59.1810909090909
68.6484545454545
55.6561818181818
61.6825454545455
63.7627272727273
78.9136363636364
81.6811818181818
67.5383636363636
69.8682727272727
57.5734545454545
64.4864545454545
83.5449090909091
62.5605454545455
66.7590909090909
58.5231818181818
86.9913636363636
73.0327272727273
76.7425454545454
80.8872727272727
86.5842727272727
69.287
72.4689090909091
62.147
62.8759090909091
88.8221818181818
52.7915454545455
59.1264545454545
60.2266363636364
67.0380909090909
66.1209090909091
91.0522727272727
77.5989090909091
69.9565454545454
58.1956363636364
70.5541818181818
70.9415454545455
74.9118181818182
72.6108181818182
90.4142727272727
66.6281818181818
75.2299090909091
72.0046363636364
64.868
77.066
70.6916363636364
77.9696363636364
83.7557272727273
66.3295454545455
70.5680909090909
70.839
63.5116363636364
81.1575454545455
78.6259090909091
68.1829090909091
80.6097272727273
53.2148181818182
66.0103636363636
71.5009090909091
69.6665454545455
56.8933636363636
66.906
87.3535454545455
76.5277272727273
77.6891818181818
86.1649090909091
77.1782727272727
90.1495454545455
66.6648181818182
81.3764545454545
51.5784545454545
87.5299090909091
73.2680909090909
76.3019090909091
52.5150909090909
77.8816363636364
100.579181818182
70.4459090909091
90.3873636363636
66.966
49.1589090909091
75.8947272727273
56.7811818181818
64.517
71.0108181818182
80.2682727272727
83.768
54.1878181818182
60.0903636363636
94.1818181818182
72.8740909090909
86.7900909090909
85.6176363636364
59.6511818181818
92.3625454545455
63.165
62.3393636363636
76.3242727272727
69.6263636363636
59.1945454545455
68.57
62.4419090909091
68.7073636363636
68.4899090909091
70.549
83.6838181818182
68.4323636363636
69.6997272727273
67.7579090909091
89.2141818181818
62.3535454545455
67.9518181818182
68.9959090909091
57.1778181818182
81.6211818181818
79.0220909090909
86.5869090909091
78.6463636363636
55.5379090909091
81.7239090909091
74.4175454545455
82.0719090909091
87.6503636363636
65.4548181818182
76.3194545454545
76.7394545454545
61.6294545454545
81.4570909090909
73.5793636363636
72.5161818181818
65.6075454545455
88.3472727272727
90.207
91.6611818181818
67.4469090909091
69.0885454545455
58.1297272727273
87.8848181818182
87.8668181818182
72.5872727272727
75.53
73.7075454545455
54.9392727272727
75.9731818181818
69.5792727272727
73.8966363636364
68.0715454545455
60.1638181818182
62.9697272727273
70.9404545454545
60.4858181818182
70.9389090909091
77.2523636363636
71.4116363636364
89.1884545454545
52.9349090909091
74.7831818181818
71.6404545454545
84.2744545454545
61.1262727272727
76.6652727272727
64.6107272727273
58.5640909090909
56.1801818181818
72.2170909090909
74.0393636363636
60.6596363636364
72.5243636363636
65.9885454545455
52.97
83.5494545454546
67.1692727272727
77.7106363636364
80.4509090909091
64.1862727272727
64.9973636363636
55.8210909090909
74.4881818181818
86.5427272727273
77.8720909090909
67.131
87.1066363636364
64.7509090909091
87.657
65.8166363636364
78.1205454545455
66.3996363636364
80.7028181818182
82.6480909090909
74.4907272727273
63.5139090909091
101.643636363636
78.6992727272727
77.0459090909091
78.1982727272727
84.2997272727273
67.0571818181818
92.8975454545455
80.442
79.2039090909091
86.5177272727273
70.3872727272727
53.1834545454545
79.2948181818182
69.714
59.8926363636364
72.0033636363636
78.0802727272727
57.6696363636364
69.6488181818182
76.1606363636364
84.5615454545455
68.1339090909091
82.5410909090909
53.7885454545455
64.6897272727273
78.4098181818182
73.775
78.6637272727273
68.7394545454545
78.3811818181818
62.6104545454545
51.449
66.0862727272727
73.5778181818182
72.6931818181818
63.6856363636364
79.3316363636364
73.9533636363636
66.6017272727273
87.0849090909091
65.3538181818182
81.5553636363636
89.0934545454545
79.0446363636364
69.1696363636364
74.2452727272727
80.3428181818182
66.8219090909091
64.7972727272727
78.0155454545455
99.259
82.1110909090909
75.3002727272727
78.8202727272727
76.4646363636364
59.3334545454546
58.7831818181818
73.6415454545455
68.0136363636364
52.4541818181818
78.7834545454545
79.0794545454546
73.9907272727273
81.3037272727273
74.427
68.0852727272727
81.2842727272727
55.8291818181818
69.2171818181818
86.8084545454546
87.5909090909091
65.4135454545455
64.1258181818182
54.344
65.1877272727273
57.3344545454545
77.5076363636364
66.4025454545454
69.4072727272727
75.2932727272727
59.8712727272727
60.1640909090909
73.3292727272727
92.3690909090909
76.7995454545455
79.6003636363636
49.3173636363636
76.7995454545455
59.7227272727273
67.3588181818182
54.4671818181818
84.7513636363636
60.7533636363636
66.6804545454546
85.7218181818182
66.1021818181818
65.1287272727273
55.3721818181818
78.5879090909091
70.3702727272727
73.4089090909091
67.0766363636364
54.9009090909091
82.3870909090909
60.2207272727273
60.1284545454545
74.0393636363636
66.791
48.8079090909091
59.9980909090909
82.2714545454545
69.9847272727273
60.5079090909091
73.4801818181818
95.3366363636364
76.0090909090909
65.9207272727273
85.8302727272727
63.4835454545455
67.336
92.5964545454545
64.9484545454546
90.7548181818182
61.6239090909091
64.4060909090909
85.8899090909091
74.8794545454545
78.3138181818182
78.457
66.7096363636364
65.2056363636364
73.2891818181818
67.7874545454546
67.1906363636364
75.8908181818182
74.7058181818182
93.9664545454546
87.7890909090909
90.7909090909091
81.5632727272727
70.1017272727273
73.6445454545455
73.5991818181818
83.1429090909091
52.007
65.4555454545455
83.3153636363636
74.6812727272727
62.7484545454545
54.2773636363636
80.5083636363636
94.2465454545455
54.7097272727273
66.5391818181818
61.0753636363636
73.5084545454545
76.7334545454545
85.6133636363636
54.814
66.9940909090909
83.6707272727273
68.8913636363636
71.3993636363636
71.5600909090909
83.7163636363636
59.1284545454545
74.8421818181818
87.0793636363636
67.3189090909091
59.0349090909091
94.3080909090909
91.3890909090909
71.2018181818182
80.328
66.0048181818182
67.2252727272727
51.5784545454545
63.3699090909091
89.7909090909091
93.7622727272727
64.0615454545455
74.2336363636364
74.9159090909091
57.4850909090909
83.6252727272727
75.3818181818182
64.8160909090909
60.1315454545455
62.3267272727273
66.8369090909091
74.8044545454545
58.2999090909091
83.3981818181818
74.3268181818182
64.0738181818182
49.3734545454545
80.9038181818182
62.1670909090909
59.4545454545455
68.467
71.2511818181818
73.2921818181818
53.2917272727273
78.7238181818182
68.035
86.5416363636364
63.6404545454545
63.3528181818182
99.4454545454546
59.7588181818182
74.0942727272727
75.3817272727273
91.0139090909091
71.6883636363636
73.2328181818182
91.8259090909091
69.7480909090909
86.4374545454545
58.2191818181818
63.8562727272727
86.431
77.8806363636364
76.1565454545455
79.6926363636364
62.1253636363636
64.2391818181818
51.2871818181818
61.2545454545455
72.8558181818182
71.4331818181818
77.8804545454545
78.2794545454546
80.5472727272727
57.8104545454545
101.084181818182
81.1081818181818
74.7519090909091
79.3492727272727
78.6082727272727
75.0625454545455
59.9624545454545
80.4477272727273
74.1186363636364
53.3572727272727
61.6685454545455
66.3056363636364
65.9255454545455
60.5873636363636
88.6236363636364
68.3159090909091
59.4612727272727
66.9048181818182
86.8462727272727
70.0991818181818
86.3801818181818
81.6582727272727
68.8186363636364
59.5104545454545
85.2454545454545
80.5817272727273
78.6737272727273
72.7823636363636
75.2258181818182
77.0636363636364
92.8518181818182
76.7757272727273
76.3516363636364
71.6390909090909
70.5149090909091
61.8222727272727
77.8802727272727
90.9580909090909
69.3392727272727
75.2412727272727
56.186
64.2601818181818
79.7699090909091
61.0250909090909
80.4000909090909
88.0425454545455
77.172
55.0146363636364
67.3281818181818
69.1405454545455
69.6983636363636
77.234
78.5665454545455
66.7021818181818
81.7602727272727
80.1090909090909
56.6399090909091
82.9170909090909
64.429
86.8058181818182
74.8727272727273
78.2358181818182
100.964181818182
73.4522727272727
63.6734545454545
61.1225454545455
75.2198181818182
70.4516363636364
63.2248181818182
77.6841818181818
62.7094545454545
83.8641818181818
56.3724545454545
74.2454545454545
67.1864545454546
89.3113636363636
64.2285454545455
61.9509090909091
65.7844545454546
60.6268181818182
77.5224545454546
75.2129090909091
99.6800909090909
72.1021818181818
74.7646363636364
76.6076363636364
70.4166363636364
76.9805454545455
83.6440909090909
80.8291818181818
49.4570909090909
88.439
59.4109090909091
83.8304545454545
61.6320909090909
80.348
90.6397272727273
82.9906363636364
69.8291818181818
85.3010909090909
74.339
52.6039090909091
67.9345454545455
84.4866363636364
78.1997272727273
66.7352727272727
81.7416363636364
76.7835454545455
64.126
70.9898181818182
82.2105454545455
78.3180909090909
66.3719090909091
73.9919090909091
64.5741818181818
63.5395454545455
76.0643636363636
70.2577272727273
52.4799090909091
93.5006363636364
57.5983636363636
68.4486363636364
76.7357272727273
62.9049090909091
81.0824545454545
62.251
73.2436363636364
56.5155454545455
73.0130909090909
62.1511818181818
74.9530909090909
60.5579090909091
72.9527272727273
72.9726363636364
72.8324545454546
77.366
80.3266363636364
89.3308181818182
63.0589090909091
66.0262727272727
84.5584545454546
77.7175454545455
68.9370909090909
93.8660909090909
85.9755454545455
86.6097272727273
65.3932727272727
65.3158181818182
81.6673636363636
68.2440909090909
61.363
60.2879090909091
63.0694545454545
62.7891818181818
70.816
79.0446363636364
68.1733636363636
100.897363636364
60.7137272727273
57.89
82.0439090909091
68.1452727272727
66.9330909090909
77.9365454545455
74.5829090909091
78.7310909090909
82.1441818181818
66.1568181818182
58.0194545454545
71.1834545454546
59.9885454545455
86.0876363636364
85.8450909090909
70.5331818181818
71.0831818181818
67.3507272727273
75.0414545454545
69.3776363636364
65.4661818181818
96.2163636363636
84.6373636363636
85.4132727272727
61.3056363636364
62.1400909090909
87.9188181818182
68.6542727272727
74.3589090909091
87.1730909090909
65.8766363636364
61.2929090909091
62.6223636363636
76.0109090909091
63.8506363636364
81.8794545454545
60.8355454545455
75.7181818181818
68.0541818181818
57.2416363636364
62.2767272727273
68.3922727272727
60.4056363636364
72.8034545454545
73.1505454545455
76.1372727272727
62.6656363636364
85.4331818181818
71.7281818181818
78.4252727272727
57.7856363636364
53.4038181818182
73.193
75.7473636363636
66.6394545454545
65.1142727272727
54.3113636363636
59.2594545454545
82.4279090909091
70.2112727272727
96.4393636363636
76.7866363636364
68.0986363636364
62.0615454545455
70.5984545454545
60.6712727272727
76.7157272727273
81.0261818181818
60.9767272727273
56.283
72.9620909090909
69.1177272727273
95.4913636363636
56.9621818181818
69.7740909090909
77.9724545454546
75.2972727272727
88.1975454545455
61.6353636363636
82.4700909090909
102.952363636364
79.0392727272727
60.7234545454546
66.1449090909091
78.8933636363636
65.7511818181818
82.8470909090909
68.2762727272727
65.8567272727273
62.2108181818182
64.6308181818182
75.9841818181818
69.0307272727273
68.4550909090909
62.8694545454545
70.6772727272727
64.6721818181818
56.7179090909091
59.949
71.3791818181818
56.0881818181818
83.815
66.8316363636364
70.62
80.5695454545455
63.0655454545455
91.2984545454545
71.1935454545455
82.5293636363636
75.136
73.185
74.7900909090909
65.6542727272727
78.6284545454545
81.0541818181818
87.7702727272727
66.0700909090909
71.1232727272727
94.421
59.0380909090909
75.6554545454545
71.3771818181818
78.0542727272727
72.3440909090909
64.1902727272727
71.7963636363636
58.7355454545455
62.6579090909091
63.8594545454545
70.5557272727273
74.5967272727273
77.1378181818182
73.8955454545455
72.1195454545455
69.1257272727273
63.9532727272727
70.911
49.6140909090909
70.1219090909091
75.8360909090909
64.9255454545455
64.4438181818182
90.4611818181818
64.6756363636364
77.9686363636364
74.5110909090909
68.5740909090909
70.8683636363636
78.6563636363636
87.9449090909091
70.6403636363636
84.1633636363636
67.6458181818182
71.1054545454545
96.8765454545455
51.6070909090909
67.0771818181818
65.9537272727273
57.8907272727273
88.4728181818182
68.7983636363636
77.5730909090909
92.2064545454545
86.1789090909091
90.1277272727273
67.9572727272727
89.6479090909091
61.9684545454545
71.05
66.4225454545455
64.6786363636364
81.8423636363636
81.9801818181818
59.1865454545455
82.1600909090909
66.6831818181818
83.0203636363636
67.0820909090909
81.5374545454546
59.012
54.6772727272727
85.6747272727273
63.1827272727273
78.1216363636364
77.6067272727273
76.0025454545455
85.5000909090909
49.2038181818182
69.619
75.0854545454546
62.4502727272727
69.3180909090909
69.9614545454545
95.5729090909091
74.9669090909091
66.0434545454546
68.5368181818182
75.3055454545455
61.1425454545455
64.6494545454545
89.4694545454546
68.8
64.7655454545455
74.1020909090909
84.273
63.533
72.6042727272727
72.6307272727273
99.9193636363636
89.2537272727273
79.4640909090909
56.1293636363636
63.4519090909091
73.3484545454545
67.5434545454546
73.033
78.9208181818182
56.701
64.5820909090909
86.5019090909091
58.9242727272727
71.2516363636364
84.6308181818182
67.3870909090909
53.7849090909091
67.7579090909091
82.6292727272727
82.9770909090909
78.3984545454546
75.6672727272727
106.353454545455
76.4496363636364
78.0699090909091
76.0788181818182
58.2055454545455
69.2603636363636
77.3622727272727
62.8626363636364
75.5449090909091
63.4123636363636
59.9876363636364
63.6813636363636
88.0894545454545
70.4357272727273
71.3580909090909
64.7706363636364
73.9009090909091
61.1245454545455
68.1538181818182
85.6607272727273
65.1084545454545
71.0214545454545
89.5838181818182
69.9456363636364
79.0342727272727
66.5374545454546
87.6077272727273
87.4822727272727
55.061
63.2822727272727
70.2211818181818
82.6197272727273
67.0211818181818
78.9752727272727
92.8705454545455
63.6516363636364
55.9812727272727
67.172
65.2190909090909
71.8693636363636
89.3113636363636
84.2179090909091
69.5073636363636
67.5972727272727
70.6691818181818
70.1980909090909
63.7571818181818
58.7285454545455
82.6491818181818
58.5040909090909
59.7408181818182
58.4048181818182
58.4162727272727
63.8013636363636
99.3762727272727
78.3861818181818
76.9657272727273
65.1594545454546
75.2978181818182
92.2292727272727
94.2682727272727
76.4329090909091
67.2584545454545
79.0369090909091
65.7106363636364
87.4303636363636
76.8317272727273
73.0846363636364
98.7552727272727
79.8993636363636
78.0102727272727
65.6357272727273
74.8244545454545
64.2390909090909
68.2400909090909
97.1085454545455
82.5397272727273
81.8242727272727
73.0691818181818
88.8611818181818
91.9593636363636
78.5348181818182
71.637
64.4352727272727
58.7830909090909
93.9051818181818
61.6837272727273
68.3432727272727
60.2927272727273
54.0572727272727
71.6109090909091
70.0665454545455
59.0611818181818
83.5464545454546
70.9024545454545
73.3414545454545
52.0256363636364
63.3445454545455
70.3604545454545
65.3435454545454
65.7125454545455
76.2805454545455
61.0141818181818
90.3824545454546
92.9501818181818
80.4176363636364
64.0218181818182
67.1806363636364
70.9523636363636
77.7136363636364
82.4954545454545
69.3218181818182
76.8252727272727
99.4133636363636
51.3752727272727
68.2322727272727
89.7055454545455
55.7513636363636
73.733
64.0749090909091
72.8808181818182
63.0538181818182
49.6864545454545
78.3000909090909
58.5989090909091
52.4965454545455
54.1078181818182
66.7239090909091
77.8211818181818
63.4958181818182
59.4254545454545
72.6521818181818
71.4276363636364
59.9796363636364
71.6950909090909
61.7369090909091
72.6522727272727
63.2753636363636
60.0779090909091
91.1352727272727
72.6599090909091
68.5356363636364
74.4307272727273
88.2579090909091
80.1263636363636
70.517
83.0511818181818
68.2930909090909
65.1821818181818
80.1760909090909
70.0405454545455
68.244
79.7316363636364
91.014
61.2819090909091
66.5817272727273
76.9947272727273
52.2812727272727
82.7839090909091
62.1344545454545
85.7267272727273
73.9456363636364
85.3535454545455
85.03
73.166
72.9607272727273
98.5692727272727
82.5993636363636
61.3667272727273
71.7786363636364
53.3712727272727
93.7328181818182
66.435
69.7832727272727
76.2896363636364
82.0230909090909
64.5971818181818
67.6113636363636
74.0683636363636
82.5392727272727
69.8431818181818
80.271
62.2642727272727
79.7195454545455
65.5737272727273
65.1285454545455
63.4460909090909
61.2262727272727
91.7470909090909
62.9373636363636
84.3517272727273
59.4222727272727
63.9093636363636
70.6865454545455
59.0751818181818
89.223
72.129
89.13
86.9788181818182
64.7199090909091
86.1730909090909
77.5034545454545
81.2653636363636
56.9319090909091
81.3309090909091
71.9123636363636
65.4183636363636
72.3157272727273
75.0239090909091
56.8450909090909
53.6110909090909
61.7607272727273
83.9884545454545
80.8168181818182
65.8135454545454
83.5097272727273
65.7124545454545
63.389
85.5216363636364
75.7687272727273
67.0180909090909
75.7408181818182
62.8477272727273
67.0967272727273
70.9095454545455
61.0877272727273
63.9530909090909
68.8006363636364
73.7477272727273
70.2847272727273
57.106
73.1608181818182
76.099
75.9564545454545
60.3490909090909
77.0750909090909
74.5635454545455
80.7383636363636
82.8053636363636
67.1941818181818
83.0897272727273
79.0637272727273
75.6703636363636
79.607
74.7875454545455
79.9073636363636
79.7121818181818
68.999
71.2462727272727
74.9361818181818
62.7715454545455
80.589
66.2945454545455
73.7875454545455
70.4446363636364
73.5280909090909
69.4756363636364
68.7445454545455
82.0376363636364
59.3400909090909
81.0224545454546
61.4648181818182
80.9064545454546
66.4110909090909
71.3367272727273
77.5413636363636
70.1740909090909
66.9082727272727
75.4085454545455
66.7747272727273
66.341
87.0115454545455
73.0382727272727
74.3655454545455
75.067
57.5191818181818
73.608
71.0402727272727
92.8412727272727
83.1241818181818
56.8683636363636
72.3157272727273
74.7366363636364
62.9760909090909
73.1888181818182
68.702
71.7497272727273
58.7344545454545
66.7367272727273
62.6395454545455
95.5768181818182
64.5998181818182
60.2506363636364
71.0911818181818
79.138
58.3901818181818
85.5961818181818
75.3547272727273
66.5508181818182
100.094545454545
96.6013636363636
65.3955454545455
54.7110909090909
56.6139090909091
76.0680909090909
54.2559090909091
52.9982727272727
68.4458181818182
79.5827272727273
78.7419090909091
71.2940909090909
68.379
71.3397272727273
87.0668181818182
83.3447272727273
71.1808181818182
71.8738181818182
79.5495454545455
82.4208181818182
60.4696363636364
59.2141818181818
81.43
66.1274545454545
91.747
74.6766363636364
82.0284545454546
68.7237272727273
62.8274545454545
70.2780909090909
84.1115454545455
67.6953636363636
84.5133636363636
89.0244545454545
69.9845454545455
77.409
70.4221818181818
58.189
72.8424545454545
60.925
71.9685454545454
76.8145454545455
79.637
70.6441818181818
62.8891818181818
75.1415454545455
66.1825454545455
78.1378181818182
80.6927272727273
95.819
57.104
82.3804545454546
80.4883636363636
64.0749090909091
90.484
68.6299090909091
59.4181818181818
72.0417272727273
72.7119090909091
65.9820909090909
83.6425454545455
83.7144545454545
56.0741818181818
63.4809090909091
69.7480909090909
59.5026363636364
69.6079090909091
69.6179090909091
55.5792727272727
63.5340909090909
59.4280909090909
72.0275454545455
75.6049090909091
90.1347272727273
80.2197272727273
67.3699090909091
71.6910909090909
73.1313636363636
56.8438181818182
62.5086363636364
81.4855454545455
69.6237272727273
78.1703636363636
80.9827272727273
69.7652727272727
59.9007272727273
66.1357272727273
68.6319090909091
69.0031818181818
95.2447272727273
68.8729090909091
78.0877272727273
78.6431818181818
82.2200909090909
81.7006363636364
82.8199090909091
70.7910909090909
59.8981818181818
94.7438181818182
68.7675454545455
71.1310909090909
84.5309090909091
70.8509090909091
52.3229090909091
75.6114545454545
69.9990909090909
53.3933636363636
58.0951818181818
81.2709090909091
77.035
60.6324545454546
66.5308181818182
71.6981818181818
69.6462727272727
59.3426363636364
75.0774545454545
77.0538181818182
96.4054545454545
67.9630909090909
79.3040909090909
73.0042727272727
81.9984545454545
72.3754545454545
69.9573636363636
63.6741818181818
85.0179090909091
87.8439090909091
59.2949090909091
62.4231818181818
75.275
70.9861818181818
81.5341818181818
77.3007272727273
78.0741818181818
49.7380909090909
89.6493636363636
67.6094545454546
71.5758181818182
89.0924545454545
95.6636363636364
71.087
69.5850909090909
100.448363636364
77.5926363636364
56.9534545454545
80.1079090909091
74.4688181818182
61.188
80.2640909090909
56.0289090909091
110.416909090909
67.3174545454546
55.9095454545455
58.9374545454545
74.6058181818182
82.916
72.8959090909091
61.6328181818182
66.0664545454545
60.2666363636364
72.4266363636364
73.9113636363636
78.436
87.3242727272727
53.3768181818182
67.1295454545455
63.3955454545455
91.0460909090909
89.5518181818182
76.653
80.1209090909091
81.0161818181818
55.6452727272727
64.3609090909091
74.9173636363636
72.6639090909091
77.5130909090909
78.5442727272727
72.2089090909091
56.9254545454545
65.5134545454546
81.4977272727273
73.0864545454545
71.197
70.4249090909091
61.948
74.671
102.784272727273
63.3151818181818
73.1274545454546
87.9146363636364
73.0712727272727
62.5167272727273
63.5532727272727
76.3559090909091
83.0816363636364
92.3651818181818
53.117
68.1813636363636
60.9172727272727
62.979
70.911
78.3995454545455
63.1961818181818
76.909
69.5183636363636
65.6804545454546
70.7963636363636
52.8298181818182
76.6052727272727
58.1671818181818
68.744
70.2087272727273
63.8548181818182
98.7951818181818
60.8539090909091
82.965
87.7044545454546
80.7593636363636
76.1081818181818
67.51
82.1427272727273
82.9492727272727
101.641090909091
75.8814545454545
79.9127272727273
74.1868181818182
56.4553636363636
57.849
65.6868181818182
69.6983636363636
66.8899090909091
70.036
68.8837272727273
78.6690909090909
64.3113636363636
97.8032727272727
52.8405454545455
84.2143636363636
67.0858181818182
68.5537272727273
86.3429090909091
67.5451818181818
72.6310909090909
91.6463636363636
69.9765454545455
108.487363636364
76.9015454545455
75.2004545454545
86.5990909090909
54.2976363636364
69.1430909090909
74.6644545454545
62.3264545454545
69.6945454545455
68.4937272727273
59.9607272727273
78.7379090909091
78.8661818181818
61.3736363636364
75.3201818181818
74.6300909090909
74.4063636363636
79.2833636363636
70.4178181818182
69.7793636363636
70.9133636363636
67.7459090909091
82.4391818181818
65.2967272727273
64.2833636363636
90.3596363636364
73.4145454545455
67.2187272727273
67.3591818181818
65.7247272727273
80.7979090909091
81.5633636363636
66.8622727272727
76.6836363636364
61.5394545454545
73.2597272727273
65.0836363636364
78.8139090909091
66.5239090909091
78.9968181818182
75.817
98.1369090909091
79.6719090909091
71.7416363636364
69.8183636363636
74.8374545454545
65.766
80.0424545454545
67.1795454545454
66.7456363636364
76.7013636363636
58.9577272727273
64.0561818181818
73.3997272727273
86.1623636363636
79.8942727272727
69.2090909090909
73.1673636363636
75.332
57.4716363636364
76.2793636363636
68.7103636363636
75.2933636363636
83.1975454545454
58.5449090909091
65.2125454545454
75.6872727272727
63.9654545454545
75.1704545454545
94.3855454545455
76.5874545454545
69.9161818181818
65.4776363636364
62.7160909090909
77.3645454545454
72.6016363636364
63.912
66.0024545454545
70.9415454545455
72.4137272727273
75.4444545454545
77.8587272727273
67.3934545454545
84.0814545454545
72.6283636363636
80.2651818181818
65.3333636363636
60.3306363636364
63.3190909090909
78.5293636363636
70.4
63.2557272727273
65.1604545454545
78.4333636363636
67.6580909090909
79.7481818181818
65.042
85.2332727272727
69.6279090909091
106.264272727273
68.7428181818182
74.3830909090909
61.1056363636364
76.008
95.8331818181818
65.3358181818182
85.2058181818182
75.7743636363636
77.1891818181818
85.5777272727273
76.7970909090909
73.6858181818182
88.1819090909091
83.0388181818182
77.2757272727273
65.0111818181818
76.1067272727273
74.3667272727273
85.4626363636364
66.2314545454545
71.8191818181818
82.0119090909091
69.9340909090909
76.6239090909091
56.9266363636364
78.7616363636364
69.2817272727273
79.9340909090909
60.599
58.719
74.9825454545455
98.7590909090909
76.1870909090909
74.2957272727273
93.3683636363636
66.7207272727273
85.2902727272727
69.0973636363636
70.1565454545455
74.0898181818182
54.4025454545455
75.4714545454545
84.0727272727273
67.4560909090909
58.0928181818182
78.7686363636364
73.3310909090909
81.5230909090909
61.1599090909091
65.4540909090909
78.6752727272727
55.5704545454545
65.1489090909091
69.7074545454545
72.4838181818182
81.8062727272727
58.1989090909091
68.3012727272727
75.1923636363636
55.9555454545455
78.3180909090909
62.5453636363636
55.3603636363636
56.4819090909091
72.2942727272727
62.8718181818182
70.9909090909091
65.1301818181818
79.4617272727273
66.121
78.5215454545455
69.957
61.905
84.2392727272727
55.0321818181818
83.5894545454545
81.0147272727273
68.8734545454545
88.0455454545455
75.0909090909091
68.7689090909091
78.0416363636364
62.0733636363636
79.8770909090909
82.7866363636364
60.6088181818182
69.2566363636364
61.6578181818182
75.5512727272727
80.641
73.2516363636364
93.1667272727273
62.0948181818182
65.5765454545455
72.5136363636364
69.097
62.9037272727273
104.775545454545
62.8798181818182
55.9169090909091
84.7081818181818
65.7070909090909
67.2098181818182
80.6779090909091
74.8454545454545
57.7200909090909
72.2862727272727
54.8943636363636
96.6936363636364
74.6548181818182
68.1535454545455
74.9545454545455
62.7504545454545
93.439
62.1815454545455
90.7623636363636
67.9743636363636
80.4791818181818
76.7131818181818
71.6722727272727
81.5820909090909
97.7498181818182
78.5227272727273
67.3082727272727
59.5199090909091
67.5069090909091
98.722
78.3453636363636
73.5295454545455
84.1966363636364
91.4035454545455
74.2866363636364
65.4759090909091
70.963
79.6003636363636
77.2394545454545
67.7459090909091
76.6032727272727
65.2986363636364
73.0939090909091
78.7393636363636
64.2897272727273
79.5918181818182
85.8071818181818
74.0253636363636
65.8241818181818
93.2161818181818
75.9475454545455
60.0947272727273
64.0380909090909
54.4671818181818
48.7331818181818
67.4375454545455
75.562
88.783
83.3044545454545
78.3780909090909
71.1782727272727
67.2785454545455
66.2905454545455
80.9458181818182
82.2725454545455
74.6043636363636
88.2818181818182
76.1120909090909
71.1298181818182
65.9351818181818
70.1814545454545
48.8301818181818
55.3008181818182
69.9456363636364
73.7186363636364
93.1655454545455
85.1207272727273
73.1945454545455
79.4043636363636
77.2872727272727
86.3160909090909
84.859
52.1357272727273
53.0321818181818
71.0280909090909
71.7978181818182
73.5876363636364
78.5902727272727
74.992
77.1241818181818
55.977
80.4014545454545
81.8422727272727
72.9007272727273
65.177
63.9387272727273
85.4555454545455
71.5826363636364
79.8341818181818
69.3912727272727
73.1050909090909
52.4945454545455
71.9481818181818
85.4506363636364
85.3197272727273
82.1792727272727
71.0200909090909
80.2453636363636
57.071
61.8020909090909
79.3052727272727
87.757
67.5574545454545
75.4697272727273
79.5139090909091
53.559
90.9910909090909
79.2361818181818
83.7428181818182
70.9189090909091
61.3707272727273
69.1357272727273
75.1207272727273
84.2718181818182
60.208
72.7967272727273
84.5935454545454
64.1577272727273
91.2578181818182
65.9403636363636
81.7769090909091
74.0313636363636
92.3770909090909
80.4727272727273
76.3019090909091
87.9228181818182
75.6035454545455
70.8377272727273
57.5675454545455
66.4710909090909
64.6420909090909
62.0508181818182
77.2040909090909
59.098
54.0955454545455
54.2065454545455
81.0495454545455
67.779
72.9423636363636
59.8433636363636
80.5776363636364
76.8520909090909
63.2326363636364
65.6011818181818
76.9567272727273
76.1752727272727
69.5073636363636
69.5023636363636
82.1106363636364
80.1679090909091
68.7019090909091
64.2151818181818
63.0158181818182
71.1090909090909
66.9794545454545
70.9357272727273
68.1051818181818
58.6878181818182
56.4380909090909
66.7126363636364
56.9733636363636
72.8780909090909
79.2103636363636
73.9172727272727
67.6459090909091
64.5904545454545
53.3146363636364
72.4129090909091
81.6557272727273
54.4471818181818
66.4851818181818
72.4321818181818
59.5210909090909
61.8599090909091
73.6015454545455
79.1211818181818
69.6224545454545
58.5959090909091
97.0446363636364
61.1665454545455
82.9790909090909
58.3742727272727
57.4727272727273
62.9669090909091
69.4220909090909
98.7951818181818
94.6782727272727
66.122
62.5049090909091
63.9546363636364
83.7203636363636
67.1566363636364
90.2916363636364
84.3127272727273
69.8092727272727
68.362
54.2930909090909
75.1307272727273
72.3493636363636
70.8968181818182
83.6027272727273
79.5773636363636
75.1170909090909
78.8094545454545
74.7875454545455
66.292
80.3667272727273
69.7719090909091
78.145
85.9724545454546
62.4058181818182
55.957
69.2105454545455
63.4851818181818
67.2864545454545
67.2684545454545
81.6087272727273
79.5064545454545
70.5928181818182
73.0437272727273
62.4093636363636
95.8144545454546
63.2270909090909
87.7181818181818
61.8543636363636
74.1599090909091
58.7285454545455
68.9170909090909
72.6227272727273
72.5469090909091
78.341
68.5447272727273
66.4760909090909
70.3115454545455
77.1256363636364
70.2166363636364
62.4282727272727
77.2034545454545
58.7550909090909
71.1709090909091
77.3796363636364
57.2630909090909
88.5941818181818
59.4248181818182
82.2285454545455
73.3100909090909
77.0964545454545
78.5584545454546
75.7753636363636
69.3978181818182
72.3441818181818
80.3483636363636
70.6931818181818
77.0339090909091
74.3485454545455
58.3750909090909
74.1170909090909
82.7936363636364
62.5310909090909
78.3703636363636
80.4780909090909
52.8899090909091
82.2683636363636
94.3698181818182
65.2262727272727
73.747
74.2957272727273
78.3169090909091
84.4609090909091
79.0383636363636
67.7380909090909
70.0973636363636
73.77
57.1938181818182
83.9185454545455
75.8544545454545
67.5364545454545
77.7110909090909
62.7795454545455
56.5752727272727
49.5337272727273
69.2282727272727
72.4040909090909
63.671
66.2754545454546
81.7990909090909
74.4138181818182
76.6253636363636
90.9427272727273
63.8617272727273
69.3710909090909
66.8913636363636
78.1917272727273
71.5667272727273
79.0433636363636
73.8796363636364
66.7582727272727
84.1966363636364
75.5612727272727
63.5157272727273
63.3562727272727
81.6864545454546
73.7124545454545
92.552
72.0524545454546
81.7530909090909
91.6338181818182
78.3700909090909
80.0302727272727
62.2144545454546
72.9142727272727
80.5278181818182
68.0957272727273
73.8999090909091
74.5029090909091
68.8911818181818
75.6175454545454
77.2448181818182
63.6372727272727
80.7765454545455
62.4883636363636
64.5920909090909
63.2561818181818
76.5298181818182
62.9701818181818
88.621
83.5246363636364
92.6818181818182
58.3945454545455
71.3588181818182
80.1223636363636
64.318
65.051
73.8874545454545
54.9527272727273
76.0737272727273
63.2701818181818
80.4695454545455
97.229
67.1353636363636
70.5829090909091
94.7862727272727
61.1506363636364
68.5939090909091
66.3722727272727
79.0328181818182
63.6664545454545
85.3425454545455
77.4687272727273
75.0253636363636
102.58
83.0362727272727
74.8944545454546
70.1591818181818
86.5485454545455
82.391
70.0756363636364
69.2512727272727
82.2644545454546
67.9648181818182
62.5446363636364
89.1587272727273
68.8906363636364
65.7125454545455
61.948
57.4128181818182
72.2087272727273
71.8403636363636
81.0759090909091
73.6806363636364
83.5493636363636
63.3140909090909
63.5232727272727
78.3180909090909
61.9682727272727
70.4023636363636
55.3028181818182
58.7004545454545
78.581
87.1983636363636
72.667
72.545
68.2356363636364
70.2924545454545
68.5672727272727
58.9534545454545
58.6814545454545
63.1561818181818
74.5228181818182
81.7531818181818
71.9869090909091
72.1472727272727
76.8963636363636
63.2561818181818
77.6116363636364
55.9769090909091
82.3418181818182
85.2596363636364
76.4768181818182
104.894181818182
63.8039090909091
66.9997272727273
92.3025454545455
58.0005454545455
60.2594545454545
83.2389090909091
68.9573636363636
55.5736363636364
66.2112727272727
61.9225454545455
81.8159090909091
81.9134545454546
97.8829090909091
99.2829090909091
69.5570909090909
80.488
83.2326363636364
69.0800909090909
76.1299090909091
65.6207272727273
71.1172727272727
81.5252727272727
56.7035454545455
72.4412727272727
85.0005454545455
60.3498181818182
56.8438181818182
75.0470909090909
62.5860909090909
69.3592727272727
90.5634545454545
70.5424545454545
86.8609090909091
77.2956363636364
76.4078181818182
73.42
76.7866363636364
91.2399090909091
91.9593636363636
73.4226363636364
65.6213636363636
86.2570909090909
73.4912727272727
74.6194545454545
100.947818181818
73.5295454545455
82.6185454545455
73.6886363636364
92.9727272727273
78.3318181818182
76.5462727272727
68.7498181818182
59.0020909090909
77.6810909090909
60.6379090909091
92.5927272727273
72.4358181818182
82.519
62.1198181818182
70.8219090909091
78.5936363636364
75.1634545454545
58.2287272727273
59.9098181818182
65.9466363636364
74.1985454545455
73.5219090909091
83.6918181818182
70.3724545454545
72.545
63.5639090909091
86.3191818181818
69.1493636363636
86.4241818181818
93.6408181818182
87.5180909090909
67.0166363636364
83.768
69.0469090909091
58.1167272727273
79.2808181818182
71.7086363636364
79.8836363636364
67.0369090909091
108.097727272727
68.3523636363636
74.5962727272727
62.2604545454546
83.4161818181818
76.7161818181818
68.941
84.3637272727273
81.0293636363636
95.4689090909091
66.4287272727273
79.1196363636364
64.6851818181818
53.724
69.4900909090909
76.8042727272727
95.1773636363636
86.3429090909091
73.8816363636364
62.3
101.257818181818
68.4040909090909
76.3942727272727
68.4958181818182
72.8635454545455
71.3898181818182
72.493
45.3048181818182
76.617
75.1279090909091
65.5956363636364
58.7238181818182
59.4256363636364
72.911
75.4739090909091
60.4466363636364
84.1940909090909
66.6303636363636
65.0618181818182
60.2771818181818
63.3074545454545
55.7702727272727
62.9236363636364
78.9586363636364
70.403
60.0224545454545
75.1906363636364
64.5395454545455
81.2602727272727
70.943
42.8940909090909
60.1785454545455
82.6610909090909
76.5962727272727
82.6863636363636
84.0420909090909
90.8314545454545
73.1825454545455
87.6286363636364
82.1630909090909
77.1914545454545
63.3751818181818
68.7815454545455
72.9311818181818
66.6723636363636
54.1155454545455
69.9979090909091
68.8822727272727
82.7186363636364
65.456
79.4575454545455
97.3542727272727
67.3215454545455
75.2871818181818
56.6720909090909
70.4719090909091
81.8932727272727
59.4414545454545
61.8555454545455
58.6091818181818
69.9942727272727
82.5646363636364
59.628
74.8956363636364
68.1439090909091
71.2439090909091
85.121
78.3825454545455
59.1616363636364
74.2063636363636
70.7284545454546
71.0926363636364
62.08
80.811
91.5682727272727
95.5744545454546
89.6242727272727
80.7888181818182
63.1069090909091
78.1928181818182
62.5794545454545
70.8616363636364
99.2640909090909
58.8561818181818
73.949
64.3463636363636
65.6535454545455
90.9347272727273
49.2064545454545
75.2003636363636
70.375
66.1250909090909
74.8425454545455
81.0082727272727
65.786
73.4844545454546
70.4163636363636
80.1749090909091
78.2686363636364
82.1105454545455
89.709
48.0745454545455
89.7308181818182
80.6259090909091
88.6036363636364
68.393
67.8942727272727
71.8065454545455
85.9238181818182
55.3480909090909
76.624
66.4239090909091
73.3683636363636
55.8877272727273
49.498
54.9544545454545
87.5342727272727
65.4556363636364
84.9688181818182
76.565
69.7354545454545
58.0690909090909
80.2640909090909
72.2648181818182
69.8698181818182
74.2468181818182
81.1905454545455
74.2172727272727
77.6239090909091
80.9397272727273
73.4598181818182
85.476
61.1126363636364
92.8264545454546
81.3323636363636
101.044363636364
80.669
75.0093636363636
74.8877272727273
56.4771818181818
74.4256363636364
53.515
71.1498181818182
85.8594545454546
70.4982727272727
67.6998181818182
56.1450909090909
67.0222727272727
68.6192727272727
52.1614545454545
80.0115454545455
76.2350909090909
63.835
68.8888181818182
81.4043636363636
65.5646363636364
93.6631818181818
103.248272727273
77.2381818181818
64.0214545454545
58.713
61.3035454545455
86.4244545454546
60.8074545454545
58.0260909090909
79.1688181818182
71.0013636363636
55.3251818181818
60.8321818181818
55.4590909090909
52.6629090909091
73.2814545454546
84.3037272727273
67.7661818181818
67.351
80.117
71.0433636363636
80.2975454545455
87.5150909090909
66.2384545454545
69.825
74.6835454545455
74.2641818181818
74.2142727272727
76.0094545454545
64.3030909090909
72.7064545454545
58.267
65.7671818181818
93.8128181818182
80.196
75.071
78.4374545454545
78.627
83.2087272727273
65.5456363636364
59.9045454545455
80.4777272727273
65.6887272727273
90.1270909090909
78.3261818181818
63.147
69.3258181818182
61.1868181818182
93.3909090909091
71.7856363636364
67.8586363636364
75.9845454545455
67.6094545454546
95.2218181818182
77.6934545454545
62.446
81.6808181818182
73.0835454545455
64.3731818181818
76.7175454545455
63.1777272727273
91.628
80.2882727272727
58.9334545454545
80.2101818181818
71.3082727272727
91.1529090909091
83.2739090909091
88.9975454545455
63.8905454545455
67.2581818181818
70.9843636363636
72.2781818181818
76.6211818181818
66.3627272727273
72.4354545454545
75.4675454545455
77.5835454545455
67.2787272727273
80.7965454545455
81.8428181818182
66.2034545454545
66.7512727272727
69.215
64.2514545454545
74.0742727272727
69.198
75.721
74.1371818181818
72.3554545454545
80.0233636363636
89.3071818181818
78.8960909090909
61.4672727272727
76.6533636363636
82.4393636363636
71.3274545454545
61.3044545454545
63.8334545454546
92.2755454545455
88.3880909090909
63.0924545454546
73.1862727272727
75.951
87.3067272727273
56.8438181818182
77.9656363636364
75.3522727272727
76.3470909090909
69.4915454545455
67.3384545454545
68.12
67.7721818181818
73.5487272727273
49.0137272727273
70.8324545454546
74.9734545454545
78.1610909090909
81.8904545454545
90.7200909090909
78.516
66.4090909090909
68.7420909090909
74.2254545454546
74.5159090909091
72.0639090909091
87.868
80.57
77.3928181818182
66.5174545454545
62.2472727272727
75.1870909090909
71.2435454545455
72.4140909090909
76.3942727272727
65.9514545454546
60.5948181818182
83.8254545454545
67.6752727272727
101.554181818182
74.1868181818182
66.0262727272727
81.3590909090909
77.485
63.2846363636364
76.1907272727273
75.1746363636364
78.3000909090909
62.279
75.0429090909091
81.7339090909091
75.1170909090909
67.097
80.0855454545455
76.5705454545455
83.6941818181818
65.177
92.077
66.404
83.9618181818182
68.3939090909091
75.4310909090909
70.4125454545455
68.5102727272727
75.0131818181818
74.8396363636364
77.6193636363636
66.2666363636364
71.154
70.5784545454545
73.6540909090909
58.2420909090909
64.4998181818182
71.5398181818182
63.2968181818182
71.3632727272727
68.9492727272727
92.4455454545455
70.1366363636364
81.5138181818182
88.0238181818182
70.9481818181818
82.0641818181818
63.8425454545455
65.6325454545455
62.5274545454545
67.0820909090909
59.8420909090909
76.4447272727273
54.5563636363636
88.075
63.1375454545455
74.6169090909091
62.3218181818182
69.7849090909091
74.1797272727273
61.6220909090909
72.3153636363636
86.4428181818182
85.8334545454545
74.837
71.3761818181818
82.5566363636364
70.4100909090909
86.7166363636364
77.6754545454545
75.5177272727273
63.0545454545455
74.6369090909091
66.1732727272727
77.4235454545455
74.9328181818182
64.7640909090909
78.2097272727273
85.4909090909091
78.4423636363636
96.2868181818182
65.2075454545455
60.8458181818182
70.1150909090909
59.6099090909091
69.4104545454545
71.418
55.3189090909091
74.733
63.8636363636364
73.4591818181818
48.5694545454545
49.1972727272727
74.3172727272727
76.3871818181818
71.6347272727273
68.7674545454545
84.7603636363636
81.5139090909091
79.7829090909091
101.322
73.332
70.0933636363636
80.5040909090909
61.335
74.3869090909091
62.8348181818182
68.6886363636364
66.9179090909091
80.6811818181818
72.3742727272727
83.8036363636364
64.9106363636364
70.1565454545455
67.5069090909091
60.7952727272727
58.9873636363636
75.3605454545455
64.9015454545455
68.4872727272727
71.4586363636364
99.6126363636364
87.2711818181818
64.5712727272727
82.6181818181818
75.7031818181818
69.8786363636364
71.3006363636364
61.6541818181818
64.5959090909091
83.5529090909091
92.1703636363636
78.3441818181818
65.7243636363636
65.6465454545455
65.4850909090909
78.1275454545455
74.7326363636364
88.8291818181818
74.8581818181818
81.4482727272727
67.8850909090909
70.5692727272727
66.5030909090909
52.4744545454545
72.4615454545455
52.4021818181818
63.9538181818182
76.1092727272727
64.6851818181818
61.9776363636364
73.0036363636364
63.0862727272727
67.9117272727273
71.6080909090909
72.0683636363636
80.7301818181818
76.1186363636364
95.1629090909091
63.2558181818182
56.5905454545455
87.8859090909091
72.0486363636364
84.2036363636364
62.5686363636364
76.9543636363636
65.1298181818182
74.1798181818182
67.2378181818182
66.8551818181818
82.1228181818182
73.0452727272727
79.2528181818182
84.3488181818182
79.5062727272727
66.4691818181818
84.1446363636364
73.5364545454545
65.0552727272727
63.6035454545455
62.2096363636364
73.6328181818182
61.3437272727273
60.3397272727273
68.7784545454545
60.9419090909091
64.7272727272727
72.8926363636364
99.6349090909091
67.9345454545455
62.6873636363636
70.0348181818182
85.0714545454545
58.6670909090909
74.8248181818182
72.3634545454545
58.8099090909091
62.1303636363636
74.0505454545455
86.2300909090909
91.1116363636364
95.7413636363636
70.5855454545455
58.538
60.4619090909091
95.298
66.0045454545455
67.115
84.942
70.3004545454545
77.1708181818182
76.3241818181818
56.2019090909091
81.7768181818182
66.5786363636364
66.4802727272727
58.8630909090909
56.029
105.318818181818
58.0806363636364
84.8842727272727
63.4046363636364
74.6085454545455
74.3772727272727
66.3417272727273
105.73
80.0069090909091
49.4593636363636
63.7464545454545
61.5605454545455
78.1530909090909
72.1967272727273
67.6833636363636
68.8206363636364
68.8198181818182
66.5986363636364
55.2090909090909
81.9665454545455
89.0721818181818
90.8326363636364
72.977
60.7221818181818
65.7135454545455
70.5749090909091
78.8296363636364
97.3528181818182
72.0447272727273
105.036636363636
74.0331818181818
68.746
73.9456363636364
78.0902727272727
73.193
102.423454545455
75.5460909090909
67.2813636363636
79.5318181818182
65.3159090909091
83.9945454545455
75.2499090909091
72.0255454545455
62.1212727272727
72.2346363636364
64.3511818181818
73.1012727272727
63.5218181818182
78.0256363636364
66.6907272727273
72.4354545454545
79.5064545454545
79.5425454545455
80.3869090909091
67.8463636363636
71.0992727272727
61.2600909090909
66.731
80.4258181818182
54.9735454545455
56.458
70.0429090909091
80.0811818181818
72.2648181818182
63.2396363636364
84.8806363636364
82.0144545454545
67.2972727272727
60.8538181818182
81.603
61.1971818181818
88.6515454545455
64.0616363636364
83.4836363636364
69.8641818181818
64.5828181818182
54.1464545454545
74.9679090909091
75.1479090909091
80.7686363636364
71.5294545454545
83.9377272727273
68.9852727272727
67.3781818181818
73.8272727272727
64.509
70.5236363636364
88.0482727272727
80.0198181818182
69.8375454545454
79.5976363636364
69.0785454545455
72.0351818181818
85.3186363636364
63.9546363636364
71.7281818181818
76.9652727272727
65.6774545454545
73.3229090909091
100.298
80.5993636363636
81.6048181818182
77.7480909090909
74.527
93.1104545454545
86.7785454545455
69.3256363636364
70.3847272727273
75.5043636363636
63.4663636363636
71.8107272727273
77.3075454545455
82.8356363636364
65.2045454545455
70.9726363636364
58.819
77.242
66.8887272727273
80.8102727272727
66.2330909090909
62.8665454545455
86.1880909090909
92.5015454545455
64.2233636363636
78.27
70.0620909090909
72.4026363636364
69.7948181818182
81.355
74.3346363636364
85.646
69.0148181818182
79.5362727272727
75.2536363636364
63.673
69.8157272727273
69.6665454545455
63.7438181818182
72.6827272727273
65.0192727272727
74.305
66.3049090909091
55.817
78.3799090909091
80.6553636363636
49.4449090909091
77.3923636363636
82.2736363636364
79.8366363636364
86.65
75.5336363636364
69.2160909090909
69.12
82.111
67.2956363636364
90.2182727272727
74.7444545454545
68.581
76.1990909090909
63.8609090909091
75.7198181818182
62.7673636363636
81.0678181818182
98.8357272727273
78.0416363636364
75.0050909090909
63.2378181818182
51.2286363636364
92.6056363636364
79.3534545454546
87.0985454545455
78.5336363636364
75.3068181818182
82.5764545454546
81.5691818181818
68.3281818181818
89.055
59.6005454545455
60.2013636363636
58.4543636363636
77.9738181818182
81.073
87.5511818181818
81.3818181818182
62.3299090909091
58.7857272727273
82.9568181818182
73.4935454545455
55.6419090909091
60.0499090909091
62.6460909090909
75.2640909090909
64.6073636363636
80.6418181818182
58.6651818181818
62.398
87.2305454545455
67.1237272727273
55.8276363636364
71.0165454545455
61.5324545454545
64.3089090909091
68.8282727272727
83.6760909090909
61.0250909090909
70.0470909090909
79.213
82.6251818181818
56.8532727272727
79.5505454545455
74.4484545454546
63.7047272727273
74.7532727272727
76.8443636363636
67.0766363636364
88.9918181818182
75.2003636363636
81.6826363636364
69.712
74.6656363636364
68.4026363636364
97.5835454545455
69.8340909090909
76.2977272727273
69.5370909090909
85.7377272727273
67.8756363636364
52.5748181818182
61.6131818181818
49.5685454545455
66.102
72.6928181818182
59.0257272727273
84.8700909090909
73.2957272727273
71.5987272727273
66.8179090909091
64.529
77.2542727272727
81.8640909090909
69.5561818181818
63.1859090909091
71.2826363636364
75.9865454545454
99.2558181818182
73.8517272727273
66.468
61.6342727272727
77.1631818181818
81.4431818181818
78.261
70.7646363636364
57.3632727272727
73.4882727272727
64.3194545454545
79.4066363636364
90.3035454545455
63.7825454545455
56.6861818181818
72.3542727272727
91.2861818181818
65.0430909090909
81.4201818181818
75.415
62.3004545454545
78.3742727272727
73.1771818181818
96.1392727272727
75.538
83.1758181818182
89.0043636363636
62.5273636363636
69.5501818181818
92.3759090909091
72.011
69.4295454545455
62.2109090909091
78.4500909090909
89.7397272727273
70.5423636363636
88.4436363636364
59.2937272727273
63.8197272727273
81.0320909090909
73.1214545454546
56.1883636363636
62.8497272727273
79.7261818181818
68.3841818181818
74.5625454545455
63.7533636363636
78.0470909090909
90.5622727272727
84.2235454545455
70.4891818181818
63.8667272727273
73.9076363636364
85.0358181818182
55.0020909090909
61.8940909090909
78.0538181818182
68.4125454545455
74.6607272727273
63.5049090909091
85.0298181818182
70.2154545454545
59.5097272727273
84.9485454545455
68.243
68.0185454545455
55.3603636363636
60.4283636363636
80.6635454545455
64.9494545454545
73.3292727272727
63.4034545454546
64.142
53.0208181818182
71.078
54.9176363636364
94.0796363636364
77.8002727272727
79.5127272727273
69.738
64.8829090909091
52.5632727272727
68.4043636363636
74.5432727272727
71.1406363636364
77.3660909090909
76.3820909090909
89.9467272727273
93.8606363636364
57.0750909090909
63.6867272727273
92.4098181818182
64.3926363636364
71.8969090909091
64.4888181818182
86.8915454545455
67.1412727272727
90.0321818181818
83.8456363636364
62.8874545454545
61.7438181818182
66.659
62.5128181818182
91.4024545454545
82.1428181818182
73.0954545454545
76.3246363636364
91.4064545454546
84.0723636363636
65.19
76.8065454545455
65.3247272727273
68.718
62.5223636363636
70.6854545454545
61.5674545454545
66.5978181818182
69.8637272727273
85.6968181818182
61.6770909090909
69.5728181818182
74.402
62.9306363636364
72.3654545454545
58.6171818181818
49.7744545454545
76.6415454545455
71.8088181818182
74.5045454545455
52.8925454545455
63.6195454545455
78.9233636363636
62.0294545454545
78.5937272727273
65.9547272727273
82.3490909090909
64.3045454545455
76.9037272727273
73.3408181818182
54.3415454545455
60.1300909090909
67.3362727272727
67.4549090909091
69.2430909090909
73.6765454545454
62.1801818181818
78.1363636363636
82.7706363636364
90.4915454545455
67.097
63.5849090909091
62.6586363636364
80.6272727272727
63.3844545454545
79.7419090909091
60.1101818181818
82.7183636363636
81.8839090909091
57.3484545454545
60.7648181818182
72.1822727272727
79.7113636363636
78.1714545454546
70.6955454545455
87.0945454545455
83.0735454545455
49.4073636363636
86.3778181818182
70.2200909090909
80.3413636363636
84.3399090909091
70.2102727272727
81.0196363636364
71.7150909090909
54.5047272727273
74.1225454545455
58.6158181818182
58.7240909090909
61.8337272727273
71.1733636363636
77.1256363636364
56.349
59.4861818181818
66.1588181818182
83.5142727272727
89.9844545454546
81.55
69.8475454545455
81.2643636363636
91.102
78.7494545454545
98.7361818181818
51.696
76.1863636363636
52.3995454545455
71.639
64.0096363636364
73.6246363636364
64.7427272727273
80.9067272727273
61.0047272727273
63.2857272727273
94.1696363636364
64.6705454545454
68.0654545454545
87.6112727272727
79.7979090909091
52.9935454545455
73.7887272727273
62.0733636363636
78.9541818181818
77.3786363636364
75.5517272727273
74.3697272727273
71.8843636363636
51.5941818181818
63.8650909090909
79.6856363636364
77.9364545454546
61.7356363636364
102.980363636364
76.279
65.4089090909091
74.2319090909091
79.3879090909091
75.4182727272727
63.6505454545455
91.0071818181818
60.3722727272727
79.4958181818182
78.0464545454546
89.6869090909091
77.9192727272727
65.6351818181818
60.1085454545454
55.8431818181818
87.2939090909091
72.9929090909091
83.4434545454545
83.0276363636364
56.2899090909091
83.3656363636364
93.5738181818182
81.3722727272727
68.4607272727273
79.0652727272727
78.5397272727273
67.4683636363636
89.4660909090909
67.4855454545455
63.613
77.396
68.0853636363636
85.3097272727273
57.0926363636364
80.0069090909091
91.1315454545455
103.458454545455
69.2844545454546
90.9792727272727
58.4837272727273
77.6287272727273
82.7073636363636
72.9189090909091
67.3904545454545
71.5866363636364
62.8761818181818
79.0449090909091
96.9057272727273
93.0540909090909
65.2841818181818
70.3539090909091
106.447181818182
91.7084545454545
55.2893636363636
96.653
72.4735454545455
59.5903636363636
61.952
81.6808181818182
75.7879090909091
68.3536363636364
79.9341818181818
64.5304545454545
80.0069090909091
75.5451818181818
70.1843636363636
82.8624545454545
64.8886363636364
65.4931818181818
70.8886363636364
67.1474545454546
75.6386363636364
55.7716363636364
94.152
63.0171818181818
81.2692727272727
55.9655454545455
60.3249090909091
75.1533636363636
80.5857272727273
98.4066363636364
69.6731818181818
66.7261818181818
65.926
77.9524545454545
69.1574545454545
76.3222727272727
74.5645454545455
76.4060909090909
69.6906363636364
85.7365454545454
76.569
75.641
58.8561818181818
71.7785454545455
73.1196363636364
82.3326363636364
76.3579090909091
68.651
59.5030909090909
82.852
63.9520909090909
74.7340909090909
76.4489090909091
61.52
71.7468181818182
71.4063636363636
75.9386363636364
86.0753636363636
55.0735454545455
78.2180909090909
81.6356363636364
87.1429090909091
80.5392727272727
80.395
67.6396363636364
59.3036363636364
69.8135454545455
56.8308181818182
69.6393636363636
67.735
80.7331818181818
71.4771818181818
91.293
70.971
79.9038181818182
78.1971818181818
63.4809090909091
83.4155454545455
87.2730909090909
77.5012727272727
61.8024545454545
77.5572727272727
75.3710909090909
71.6462727272727
56.5568181818182
78.3679090909091
64.5687272727273
72.1074545454545
83.6060909090909
67.1678181818182
93.2991818181818
53.0931818181818
68.4515454545455
65.6668181818182
69.8039090909091
79.4260909090909
73.0961818181818
88.5918181818182
87.7580909090909
72.3742727272727
65.5573636363636
64.986
61.5800909090909
63.9682727272727
65.9022727272727
70.3980909090909
61.1134545454545
88.7513636363636
69.5999090909091
89.8388181818182
80.906
88.5151818181818
63.1298181818182
75.8590909090909
73.2011818181818
90.9417272727273
61.7954545454545
70.2620909090909
65.3744545454545
71.0923636363636
58.9400909090909
67.5629090909091
85.9342727272727
63.5252727272727
76.0205454545455
78.145
89.9640909090909
86.1250909090909
89.5711818181818
75.4016363636364
65.4120909090909
66.5116363636364
79.3611818181818
67.8708181818182
70.3024545454546
76.3715454545455
80.6790909090909
75.0503636363636
78.178
73.7102727272727
70.1630909090909
62.816
81.8252727272727
81.2065454545455
83.9989090909091
71.0109090909091
84.4774545454545
69.0016363636364
64.3234545454546
86.2031818181818
76.4688181818182
70.0990909090909
76.3766363636364
63.7442727272727
81.2071818181818
76.4301818181818
77.843
81.6524545454545
69.4059090909091
82.108
75.952
89.1479090909091
65.6320909090909
65.8375454545454
71.2113636363636
69.1658181818182
72.0565454545455
56.8612727272727
69.5713636363636
67.0436363636364
67.5134545454546
90.0513636363636
66.9170909090909
61.5034545454545
73.9927272727273
83.2083636363636
67.257
73.5659090909091
79.2410909090909
77.5241818181818
72.615
78.1554545454545
62.6966363636364
80.0918181818182
92.4945454545455
92.4176363636364
65.6815454545455
74.1090909090909
68.2532727272727
72.5763636363636
67.8693636363636
61.0047272727273
58.6183636363636
72.4944545454545
55.7565454545455
91.8484545454545
61.4028181818182
72.3183636363636
59.9449090909091
73.1811818181818
69.4059090909091
77.4198181818182
81.4621818181818
84.9311818181818
59.3633636363636
77.6022727272727
68.5521818181818
78.6228181818182
64.9210909090909
85.3575454545455
74.3344545454545
66.0045454545455
85.5750909090909
79.1801818181818
75.6773636363636
93.6606363636364
78.1784545454545
65.8017272727273
77.3117272727273
74.9797272727273
62.3232727272727
60.531
64.6038181818182
83.2447272727273
67.8649090909091
56.7639090909091
72.0500909090909
86.662
77.7975454545455
72.8366363636364
82.6794545454545
70.537
69.4915454545455
79.6884545454545
83.195
61.0387272727273
72.115
89.1621818181818
78.0685454545455
64.149
73.1747272727273
77.4836363636364
71.5171818181818
72.8170909090909
67.1291818181818
77.6295454545455
101.820272727273
67.7235454545455
80.6595454545455
71.5976363636364
80.5192727272727
85.8006363636364
78.7069090909091
65.3195454545454
86.6389090909091
75.5271818181818
60.2103636363636
59.551
55.2817272727273
79.4211818181818
77.4981818181818
58.7459090909091
65.8816363636364
59.0060909090909
81.1958181818182
87.6593636363636
93.3025454545455
84.0926363636364
63.2670909090909
85.6296363636364
67.8141818181818
59.3235454545455
89.9559090909091
77.9187272727273
75.6262727272727
73.1420909090909
96.9964545454546
54.8409090909091
85.4863636363636
71.6201818181818
70.7768181818182
78.7883636363636
83.6565454545455
69.8640909090909
77.1922727272727
60.9676363636364
63.2684545454545
59.165
67.1450909090909
54.6949090909091
65.6886363636364
69.7546363636364
70.8454545454545
71.4839090909091
87.4764545454545
65.3582727272727
93.6436363636364
63.8009090909091
76.5117272727273
62.3885454545455
60.2371818181818
67.2990909090909
56.3529090909091
79.0796363636364
84.4922727272727
62.9789090909091
65.317
66.4409090909091
69.3366363636364
75.2254545454545
63.0939090909091
86.0864545454545
82.4796363636364
70.1299090909091
76.9243636363636
51.8669090909091
67.4693636363636
78.865
80.2437272727273
61.8326363636364
70.7655454545455
70.4063636363636
72.2117272727273
67.3631818181818
87.1902727272727
72.6373636363636
70.7374545454546
74.9759090909091
90.8310909090909
69.9750909090909
91.1300909090909
80.1268181818182
71.43
80.6403636363636
81.4031818181818
76.9401818181818
63.7220909090909
65.098
84.472
68.3763636363636
83.0959090909091
69.0118181818182
65.8047272727273
87.3975454545455
79.1743636363636
81.8234545454546
80.4578181818182
89.0415454545455
65.0162727272727
71.5600909090909
66.2127272727273
59.8558181818182
91.2195454545455
93.6418181818182
73.3378181818182
82.3708181818182
68.6582727272727
60.0968181818182
83.6952727272727
66.1729090909091
73.5184545454545
61.3346363636364
82.4944545454545
66.2396363636364
64.8578181818182
77.6880909090909
61.6125454545455
59.4728181818182
81.7159090909091
65.5263636363636
79.4577272727273
79.5700909090909
56.4767272727273
66.4894545454545
80.9675454545455
73.9866363636364
71.0175454545455
66.8876363636364
78.5404545454546
70.3669090909091
73.6045454545455
61.3925454545455
105.915909090909
86.7142727272727
79.5623636363636
71.9351818181818
51.3517272727273
79.0794545454546
57.9842727272727
73.8767272727273
72.8378181818182
72.8745454545455
66.9341818181818
74.9864545454545
61.4444545454545
73.5992727272727
68.6792727272727
71.7745454545455
60.4628181818182
71.3917272727273
62.9557272727273
64.0351818181818
99.542
88.9550909090909
68.9915454545455
66.2823636363636
76.5852727272727
70.2414545454545
75.8479090909091
65.7258181818182
91.1824545454545
81.2417272727273
55.567
69.1891818181818
60.8664545454546
73.1782727272727
70.7045454545455
96.5197272727273
84.3130909090909
85.5751818181818
67.281
95.3213636363636
55.6056363636364
67.0649090909091
83.247
64.3807272727273
86.8127272727273
89.684
77.6226363636364
86.0706363636364
69.977
77.1445454545455
69.0552727272727
61.4452727272727
80.9679090909091
61.8418181818182
89.6047272727273
78.4896363636364
69.0399090909091
66.919
60.0264545454545
51.5573636363636
83.3044545454545
102.919090909091
71.5747272727273
67.779
63.9546363636364
70.9154545454546
73.5429090909091
61.5536363636364
89.4605454545455
65.3079090909091
95.1050909090909
53.7617272727273
94.4191818181818
79.8153636363636
87.7742727272727
64.003
68.4179090909091
67.8058181818182
84.9297272727273
86.3239090909091
67.2558181818182
56.2578181818182
63.1440909090909
105.059272727273
79.8096363636364
89.3405454545455
61.1167272727273
63.0549090909091
63.1933636363636
98.2768181818182
70.9472727272727
80.0990909090909
69.825
58.6227272727273
92.1886363636364
73.4399090909091
57.106
58.2533636363636
82.0057272727273
71.6503636363636
67.4357272727273
77.1097272727273
82.9304545454546
65.7534545454545
96.3418181818182
73.3572727272727
82.0482727272727
77.6027272727273
71.1380909090909
75.8545454545455
73.0514545454545
70.6008181818182
89.6322727272727
73.8679090909091
79.5643636363636
72.8430909090909
70.1468181818182
62.3715454545455
73.1399090909091
56.4656363636364
87.2191818181818
84.7329090909091
68.7811818181818
90.7334545454545
63.1861818181818
74.292
82.5238181818182
67.6834545454546
65.5805454545455
83.2366363636364
70.0671818181818
65.6629090909091
67.6724545454545
72.9784545454546
89.3205454545455
60.3467272727273
59.4356363636364
63.7025454545455
83.2740909090909
71.8191818181818
100.109272727273
64.3211818181818
65.5285454545455
62.9893636363636
70.5814545454545
69.407
76.7865454545455
66.9717272727273
59.7538181818182
101.957454545455
71.8356363636364
86.1102727272727
67.4885454545455
55.0907272727273
80.2629090909091
77.4154545454546
84.1711818181818
80.438
71.6707272727273
63.84
55.9386363636364
66.4630909090909
78.0190909090909
89.5823636363636
73.7301818181818
56.3518181818182
83.606
70.684
67.4050909090909
73.0556363636364
86.555
59.224
79.6
80.0409090909091
74.9519090909091
60.46
63.1979090909091
92.1102727272727
63.6585454545455
82.5316363636364
57.3619090909091
70.2451818181818
82.0711818181818
75.0934545454545
64.8817272727273
66.0689090909091
60.5501818181818
61.1293636363636
70.5936363636364
76.8893636363636
71.6039090909091
71.9054545454545
82.9268181818182
70.625
74.6434545454545
85.0591818181818
66.8286363636364
67.2293636363636
71.7138181818182
67.2558181818182
70.1863636363636
55.7208181818182
89.1885454545455
67.5643636363636
71.3682727272727
64.755
68.8276363636364
74.7341818181818
63.7825454545455
67.7675454545455
65.4586363636364
74.1255454545455
66.5051818181818
78.612
64.3936363636364
91.4802727272727
61.6613636363636
73.7789090909091
69.8641818181818
63.9627272727273
60.5679090909091
56.979
58.9885454545455
72.4849090909091
74.9928181818182
70.2645454545455
77.3018181818182
64.9831818181818
74.6154545454546
77.4224545454545
76.4891818181818
76.0971818181818
66.0537272727273
55.3098181818182
78.4075454545455
65.7431818181818
73.4414545454545
66.0516363636364
80.512
58.2612727272727
90.7440909090909
63.4157272727273
76.5967272727273
76.6036363636364
72.1849090909091
61.391
72.2830909090909
67.0475454545455
81.3770909090909
82.1417272727273
62.4626363636364
67.9237272727273
93.6097272727273
81.6259090909091
69.0804545454545
71.8071818181818
58.6733636363636
84.8585454545454
73.6032727272727
61.913
88.3111818181818
70.9481818181818
78.4131818181818
67.5471818181818
78.5451818181818
84.9352727272727
81.0359090909091
70.9013636363636
78.9630909090909
61.694
91.0887272727273
81.1930909090909
60.6990909090909
60.5683636363636
74.2920909090909
80.7873636363636
91.9849090909091
71.8257272727273
85.2171818181818
80.2241818181818
73.7974545454545
77.8812727272727
75.2513636363636
88.7897272727273
82.2775454545455
79.6722727272727
70.2017272727273
66.7418181818182
72.1808181818182
64.7077272727273
83.5437272727273
69.766
70.396
72.3946363636364
73.5828181818182
63.4448181818182
70.0470909090909
74.7639090909091
66.2518181818182
95.8396363636364
78.0673636363636
67.0583636363636
76.2850909090909
72.0378181818182
69.1213636363636
68.9829090909091
92.5771818181818
75.1535454545455
66.4509090909091
68.1572727272727
64.205
62.4580909090909
64.1512727272727
72.0983636363636
62.2402727272727
69.108
77.7466363636364
72.8938181818182
71.7281818181818
75.0457272727273
72.2570909090909
72.5020909090909
65.8052727272727
55.4137272727273
86.9757272727273
77.3606363636364
78.0710909090909
53.9782727272727
65.17
83.1935454545455
84.0971818181818
86.4321818181818
68.279
73.8782727272727
69.7413636363636
64.9100909090909
88.6905454545455
76.9358181818182
71.4089090909091
68.2805454545455
66.2673636363636
63.0029090909091
75.3147272727273
68.9691818181818
85.1393636363636
68.0331818181818
65.3822727272727
59.6255454545455
77.8944545454546
65.8629090909091
81.6786363636364
70.0064545454545
94.9321818181818
69.5877272727273
62.9032727272727
66.3213636363636
77.629
66.7711818181818
66.4894545454545
55.792
71.0778181818182
78.0152727272727
78.3773636363636
56.4635454545455
74.5442727272727
91.3199090909091
59.9083636363636
75.8657272727273
83.177
69.4386363636364
60.1717272727273
60.3198181818182
70.4918181818182
70.3729090909091
75.3812727272727
88.5426363636364
78.7121818181818
58.1785454545455
71.9271818181818
66.7220909090909
65.0767272727273
72.3584545454545
63.5039090909091
62.3084545454545
69.0012727272727
65.7740909090909
75.9157272727273
68.0424545454545
72.2195454545455
89.4997272727273
59.8816363636364
57.7092727272727
86.6882727272727
87.726
83.5720909090909
63.453
98.6875454545455
63.6517272727273
70.6620909090909
92.8340909090909
76.4567272727273
63.6679090909091
73.8422727272727
74.1105454545455
78.8967272727273
96.3488181818182
63.7036363636364
83.6355454545455
84.3221818181818
74.1571818181818
88.3843636363636
63.0154545454545
71.8085454545455
76.6383636363636
84.7417272727273
81.7099090909091
67.5391818181818
76.8049090909091
70.7034545454545
69.331
71.6950909090909
76.0896363636364
81.4131818181818
59.5922727272727
80.7047272727273
76.9095454545455
77.4480909090909
86.2289090909091
75.4574545454545
74.0654545454545
74.2284545454546
77.0676363636364
73.491
64.7326363636364
88.6078181818182
82.3891818181818
70.3744545454546
76.9243636363636
55.5533636363636
72.1155454545455
77.8334545454545
80.3210909090909
78.4228181818182
71.0196363636364
75.8025454545455
68.3495454545454
89.5693636363636
85.9621818181818
82.7593636363636
59.6925454545455
61.4907272727273
67.8838181818182
66.1518181818182
91.3515454545455
70.4299090909091
67.6186363636364
63.3342727272727
69.6838181818182
69.2708181818182
75.8292727272727
84.7815454545455
75.1934545454545
91.4094545454546
69.3072727272727
89.4501818181818
74.5442727272727
70.6662727272727
73.8178181818182
78.3089090909091
87.5081818181818
73.2247272727273
66.5839090909091
77.6653636363636
71.8259090909091
92.7724545454546
102.149454545455
45.7150909090909
63.7450909090909
62.1185454545455
57.0624545454545
77.9115454545455
60.4123636363636
71.1727272727273
80.2002727272727
97.2061818181818
73.8008181818182
61.1742727272727
73.7303636363636
64.9992727272727
81.2161818181818
75.6883636363636
61.1838181818182
69.1405454545455
70.3796363636364
81.1333636363636
72.8623636363636
66.6014545454545
67.6352727272727
74.1676363636364
82.0306363636364
53.3466363636364
73.1719090909091
92.0527272727273
62.7891818181818
77.0644545454546
82.1257272727273
64.3195454545454
78.5788181818182
74.7330909090909
76.9296363636364
57.6986363636364
70.4259090909091
51.9953636363636
64.4678181818182
78.4287272727273
49.2953636363636
76.0734545454546
63.2619090909091
71.4611818181818
63.9520909090909
81.55
64.783
82.0144545454545
55.5446363636364
75.4953636363636
71.3515454545455
64.9280909090909
60.7460909090909
74.3639090909091
77.2903636363636
64.8185454545455
69.4280909090909
65.33
56.2605454545455
83.1161818181818
67.3468181818182
90.3820909090909
78.0316363636364
70.6625454545455
88.4270909090909
62.9591818181818
72.1778181818182
84.1420909090909
60.0979090909091
65.4047272727273
57.9293636363636
74.6631818181818
69.4407272727273
67.0130909090909
65.6331818181818
102.057818181818
75.4444545454545
65.7285454545455
83.8508181818182
63.8328181818182
63.4234545454545
70.9427272727273
62.0722727272727
73.4484545454546
82.0332727272727
56.3927272727273
72.7484545454545
58.979
70.4877272727273
59.2155454545455
81.3749090909091
83.3167272727273
102.053272727273
69.0184545454545
86.692
81.7133636363636
74.2778181818182
75.7100909090909
59.1420909090909
91.7581818181818
81.2964545454546
67.1918181818182
77.9219090909091
86.2131818181818
72.9672727272727
74.8236363636364
66.0075454545455
77.2141818181818
85.0794545454546
56.4211818181818
64.5795454545455
73.1604545454545
54.6321818181818
71.9735454545455
76.656
73.2225454545455
85.4744545454545
70.2444545454545
64.8725454545455
72.9526363636364
68.7354545454545
88.8691818181818
65.3932727272727
72.9221818181818
63.443
73.835
76.7881818181818
91.4451818181818
75.0622727272727
51.3664545454545
59.9424545454545
52.6843636363636
61.1011818181818
69.5073636363636
82.2351818181818
71.5372727272727
76.1786363636364
75.7272727272727
73.3923636363636
73.2983636363636
92.5466363636364
66.7845454545455
69.4553636363636
66.5278181818182
84.9125454545455
72.668
66.8914545454546
94.9921818181818
65.9240909090909
75.91
61.0050909090909
68.8784545454545
88.2059090909091
76.3446363636364
60.61
75.1104545454545
66.9183636363636
71.364
94.5911818181818
80.4618181818182
58.0002727272727
88.6793636363636
70.0042727272727
67.7676363636364
65.6637272727273
69.6186363636364
59.7655454545455
67.7007272727273
70.1629090909091
73.1196363636364
55.6024545454545
92.4707272727273
66.7218181818182
87.6597272727273
61.7887272727273
68.7448181818182
61.8407272727273
70.4359090909091
76.927
59.2756363636364
89.987
101.255181818182
64.8592727272727
56.933
69.7786363636364
65.5864545454545
73.9409090909091
91.0128181818182
86.5656363636364
75.1251818181818
49.3273636363636
69.8111818181818
68.8225454545455
60.2291818181818
68.6717272727273
83.5196363636364
69.6186363636364
63.4860909090909
70.9433636363636
68.2772727272727
87.8075454545455
66.752
68.4899090909091
69.2669090909091
69.3391818181818
67.1061818181818
81.3512727272727
59.1620909090909
92.1703636363636
74.367
66.7096363636364
61.8915454545455
66.1286363636364
73.6671818181818
55.2947272727273
78.5990909090909
64.3194545454545
66.741
63.3345454545455
73.6593636363636
95.7041818181818
76.4099090909091
58.416
67.1183636363636
84.4302727272727
81.8583636363636
65.6485454545455
84.7085454545455
66.7815454545455
71.6920909090909
66.745
82.0642727272727
72.6667272727273
84.6507272727273
61.8395454545455
79.0796363636364
69.7332727272727
82.7141818181818
82.5350909090909
63.2351818181818
67.2155454545454
58.3484545454545
85.0461818181818
58.914
67.3893636363636
64.5651818181818
56.5959090909091
90.7069090909091
51.3447272727273
100.483090909091
63.8628181818182
69.3255454545454
68.0771818181818
71.211
65.513
80.0693636363636
67.2210909090909
81.4854545454545
87.2386363636364
62.4783636363636
55.6235454545455
70.1209090909091
94.5982727272727
70.0461818181818
72.8734545454545
64.3914545454546
63.5443636363636
81.136
81.3954545454545
63.6193636363636
67.0191818181818
74.9928181818182
69.9544545454546
79.1637272727273
73.2551818181818
59.2821818181818
87.8465454545455
83.2727272727273
66.726
51.8440909090909
62.0339090909091
74.1469090909091
74.4658181818182
67.8357272727273
73.1930909090909
70.1993636363636
68.0999090909091
65.6027272727273
69.3098181818182
76.1767272727273
85.9677272727273
82.0827272727273
89.6661818181818
64.0763636363636
63.7717272727273
64.4918181818182
55.1199090909091
78.8205454545455
85.695
66.679
84.1087272727273
78.2606363636364
63.4222727272727
58.3901818181818
74.3976363636364
75.4128181818182
70.7426363636364
79.6363636363636
76.393
83.6226363636364
75.5889090909091
97.1832727272727
94.1734545454545
84.222
60.4853636363636
62.0508181818182
78.0935454545454
57.9090909090909
71.3491818181818
76.1776363636364
68.1452727272727
63.5352727272727
63.1444545454546
72.4508181818182
75.7743636363636
81.0865454545455
58.6428181818182
75.8716363636364
77.7625454545455
69.26
65.5920909090909
78.962
71.3358181818182
77.4890909090909
92.8061818181818
63.2962727272727
83.5732727272727
72.2862727272727
72.4075454545455
63.2669090909091
75.7438181818182
68.0803636363636
66.8660909090909
72.9715454545455
76.569
60.8355454545455
66.4486363636364
65.8713636363636
63.7759090909091
59.9006363636364
82.3032727272727
80.8099090909091
77.5770909090909
82.6074545454545
67.8637272727273
74.6335454545455
81.1013636363636
69.3111818181818
101.406
57.7952727272727
93.5138181818182
79.9797272727273
75.1531818181818
76.9978181818182
90.3939090909091
61.6325454545455
77.1954545454546
76.336
78.6142727272727
77.162
82.1389090909091
71.8538181818182
60.437
75.7855454545455
57.2847272727273
77.5131818181818
66.4076363636364
85.2757272727273
61.956
71.1512727272727
63.3191818181818
71.7001818181818
70.5117272727273
77.0496363636364
65.0253636363636
81.3968181818182
67.6944545454545
88.5195454545455
71.5892727272727
78.7241818181818
71.1514545454546
72.3238181818182
73.8310909090909
87.5150909090909
74.625
80.0665454545455
71.5840909090909
88.7447272727273
76.656
102.451363636364
71.0302727272727
58.9537272727273
55.6385454545455
70.7115454545455
59.6807272727273
82.7475454545455
66.0917272727273
68.2502727272727
75.5553636363636
75.6037272727273
78.1036363636364
79.8676363636364
66.8953636363636
75.8770909090909
90.1259090909091
72.6736363636364
72.3938181818182
89.3963636363636
74.7673636363636
74.1646363636364
73.7339090909091
67.6520909090909
77.5490909090909
84.377
59.131
86.6273636363636
73.4776363636364
71.5628181818182
76.585
75.8346363636364
67.7101818181818
83.0166363636364
73.5284545454546
83.2352727272727
70.7999090909091
57.9784545454545
49.8141818181818
87.0196363636364
69.389
79.6657272727273
78.4080909090909
75.8985454545455
54.6141818181818
81.3962727272727
71.0115454545455
73.0139090909091
63.6312727272727
86.9913636363636
70.1430909090909
65.5761818181818
72.4853636363636
70.6666363636364
71.7466363636364
66.62
71.5989090909091
75.2818181818182
68.8467272727273
69.7624545454545
74.932
76.0643636363636
74.2171818181818
75.5515454545455
67.0981818181818
73.5590909090909
52.3263636363636
57.5700909090909
76.3750909090909
86.8301818181818
60.1694545454545
63.6347272727273
89.4005454545455
66.594
60.7246363636364
69.5673636363636
60.2302727272727
99.4036363636364
86.622
74.7112727272727
73.0819090909091
80.7181818181818
66.7684545454545
77.5341818181818
61.3315454545455
90.7308181818182
70.6911818181818
66.8766363636364
64.4595454545454
77.446
85.1062727272727
58.0060909090909
54.3281818181818
69.9547272727273
72.2997272727273
62.6907272727273
64.8160909090909
64.3915454545455
59.5961818181818
51.5788181818182
62.4312727272727
79.3611818181818
71.8187272727273
65.5650909090909
95.1644545454545
63.1111818181818
67.317
53.0609090909091
59.7603636363636
59.8288181818182
55.8155454545455
78.9163636363636
84.305
52.7055454545455
63.8349090909091
79.5800909090909
65.8563636363636
65.4689090909091
94.0036363636364
70.0934545454545
80.055
75.0123636363636
51.895
71.3007272727273
72.8243636363636
52.6122727272727
69.4295454545455
75.1577272727273
76.2081818181818
73.8878181818182
59.3285454545455
86.1644545454545
85.4546363636364
72.2862727272727
65.2045454545455
84.0137272727273
69.4181818181818
73.0973636363636
81.0020909090909
72.023
82.0198181818182
66.1449090909091
57.8173636363636
81.3124545454545
71.1593636363636
63.0371818181818
48.881
74.7410909090909
63.314
53.1674545454545
64.9324545454545
61.9299090909091
72.1336363636364
61.4206363636364
73.1798181818182
82.8815454545455
63.1256363636364
98.4295454545455
73.2169090909091
60.5575454545455
67.1880909090909
80.0436363636364
56.6659090909091
82.08
57.831
76.5982727272727
64.5224545454546
72.1385454545455
82.1374545454545
72.6614545454545
89.9264545454545
84.6023636363636
95.0372727272727
74.0401818181818
54.2065454545455
84.4450909090909
73.1914545454545
91.7523636363636
73.2117272727273
69.9761818181818
65.7051818181818
80.1948181818182
69.9523636363636
65.3390909090909
61.0398181818182
67.4672727272727
72.8769090909091
83.6262727272727
70.2643636363636
71.918
83.8613636363636
83.3192727272727
67.5643636363636
66.8419090909091
66.7910909090909
67.1679090909091
70.1598181818182
74.4362727272727
64.6867272727273
81.0492727272727
60.8539090909091
69.4564545454545
68.8754545454545
51.3314545454545
82.4384545454545
71.8681818181818
91.5537272727273
59.3316363636364
71.9589090909091
71.441
71.4306363636364
65.599
66.6683636363636
70.8266363636364
62.1120909090909
58.2964545454545
79.1411818181818
74.4175454545455
68.658
82.5171818181818
60.969
71.2144545454545
70.6157272727273
74.6343636363636
94.2013636363636
79.7254545454545
68.0500909090909
83.1388181818182
50.9709090909091
61.6996363636364
66.8744545454546
48.4201818181818
81.5960909090909
79.0648181818182
60.7734545454545
80.1943636363636
69.2546363636364
84.788
73.4465454545455
70.6471818181818
78.8221818181818
66.9502727272727
73.1024545454545
81.9023636363636
74.7260909090909
55.3017272727273
70.8802727272727
69.5593636363636
104.301
58.9726363636364
55.9277272727273
85.8488181818182
74.5271818181818
49.3078181818182
79.972
88.1324545454546
71.1955454545455
74.4453636363636
83.2083636363636
47.6535454545455
58.8779090909091
64.3089090909091
83.3066363636364
76.7319090909091
68.7700909090909
71.7123636363636
56.3566363636364
71.2393636363636
89.2096363636364
89.6869090909091
69.7958181818182
82.4810909090909
60.9861818181818
87.6952727272727
73.1716363636364
77.5881818181818
61.4310909090909
58.2996363636364
70.1121818181818
62.2082727272727
81.5138181818182
73.89
84.1049090909091
75.9237272727273
72.0075454545455
75.9291818181818
59.8662727272727
60.5642727272727
70.2594545454545
56.246
69.7037272727273
80.3505454545455
68.3218181818182
61.5742727272727
73.0624545454545
83.7561818181818
87.6378181818182
54.2678181818182
57.2046363636364
66.8056363636364
91.4024545454545
97.3746363636364
62.6269090909091
59.2741818181818
70.3341818181818
53.233
75.4216363636364
102.707454545455
61.1653636363636
72.7256363636364
69.1102727272727
73.4801818181818
86.0450909090909
78.3704545454545
50.2882727272727
85.0284545454546
70.257
89.7186363636364
88.9714545454545
74.5366363636364
64.8202727272727
85.2930909090909
65.8930909090909
75.9159090909091
74.4524545454545
61.9412727272727
70.1140909090909
69.1666363636364
74.188
85.2691818181818
73.152
76.2533636363636
56.0152727272727
58.0729090909091
69.7471818181818
89.7515454545455
75.3406363636364
72.7267272727273
55.392
60.9464545454545
63.1497272727273
70.4448181818182
62.9649090909091
80.5979090909091
66.5643636363636
95.06
75.6825454545455
78.1182727272727
84.0122727272727
89.657
75.4529090909091
51.5570909090909
81.7332727272727
64.4760909090909
76.6383636363636
79.4109090909091
68.8423636363636
86.615
73.4291818181818
71.6745454545455
85.1756363636364
66.8914545454546
66.9871818181818
63.8786363636364
74.9545454545455
62.192
71.5689090909091
81.6956363636364
67.2481818181818
67.5109090909091
93.6758181818182
70.9721818181818
81.4609090909091
59.3714545454545
80.4014545454545
86.7444545454545
83.8667272727273
68.9739090909091
67.562
70.2712727272727
75.0985454545455
63.2733636363636
59.0810909090909
62.759
61.5182727272727
85.5880909090909
82.2309090909091
75.8461818181818
93.742
79.0317272727273
85.089
79.2040909090909
64.1603636363636
81.7274545454545
63.6650909090909
96.5987272727273
76.9547272727273
63.5940909090909
90.9921818181818
71.2096363636364
84.3954545454545
63.2045454545455
62.4684545454545
57.7709090909091
77.2565454545455
86.9098181818182
74.3761818181818
66.7888181818182
62.0091818181818
76.1793636363636
77.067
91.8779090909091
90.6640909090909
78.0043636363636
86.1461818181818
57.5023636363636
67.3605454545455
77.958
65.8950909090909
72.9943636363636
82.679
80.9875454545455
78.3972727272727
64.1120909090909
59.8740909090909
72.2843636363636
83.5732727272727
69.9747272727273
64.4637272727273
80.1100909090909
68.6390909090909
69.7156363636364
60.5365454545455
60.3666363636364
106.353454545455
59.9301818181818
61.2546363636364
67.8036363636364
89.2394545454545
58.5557272727273
86.5991818181818
63.7716363636364
71.1884545454545
95.2245454545455
67.3952727272727
72.8569090909091
49.2063636363636
74.4709090909091
72.5653636363636
75.2844545454546
61.5765454545455
60.1098181818182
70.5216363636364
86.4443636363636
58.3550909090909
77.4573636363636
71.0763636363636
64.9337272727273
73.1333636363636
97.3171818181818
81.6924545454545
61.5948181818182
62.1801818181818
93.2214545454545
93.6910909090909
98.2645454545455
65.8954545454546
61.2951818181818
77.8595454545455
69.3178181818182
68.6517272727273
79.8128181818182
72.9017272727273
77.6722727272727
60.3906363636364
82.6621818181818
69.2287272727273
85.4224545454545
55.8358181818182
67.1038181818182
90.2681818181818
63.9108181818182
65.7243636363636
75.6347272727273
56.7769090909091
78.1606363636364
81.4980909090909
87.6864545454546
80.9691818181818
86.5335454545455
77.8587272727273
96.6667272727273
88.0554545454546
79.7497272727273
71.6390909090909
71.3397272727273
73.2691818181818
61.7820909090909
84.324
64.3231818181818
66.7804545454545
74.4868181818182
79.9380909090909
75.2640909090909
67.153
72.9994545454545
63.4526363636364
81.9666363636364
68.1546363636364
86.9887272727273
69.2466363636364
73.2134545454546
65.4265454545455
79.2941818181818
59.9811818181818
60.3014545454545
55.9014545454545
63.3192727272727
67.4325454545455
70.4624545454545
66.7446363636364
56.5237272727273
85.2330909090909
70.9322727272727
90.1768181818182
79.9529090909091
69.18
73.8955454545455
81.2573636363636
78.517
79.066
69.4792727272727
60.2269090909091
59.2425454545455
64.2016363636364
76.3234545454546
67.4177272727273
84.4408181818182
82.1980909090909
76.2299090909091
72.1327272727273
78.516
77.5989090909091
65.0873636363636
73.4776363636364
79.0062727272727
68.6693636363636
100.451363636364
76.0139090909091
75.0440909090909
88.2024545454545
68.1853636363636
74.3268181818182
67.0675454545455
56.7635454545455
75.7840909090909
52.5105454545455
66.1449090909091
66.9433636363636
63.1753636363636
71.5302727272727
53.495
61.0050909090909
52.5836363636364
78.2063636363636
66.0113636363636
61.231
70.0495454545455
97.8722727272727
73.7001818181818
55.4295454545455
65.9123636363636
79.1340909090909
69.7185454545454
67.0786363636364
57.0606363636364
68.1683636363636
64.5864545454545
71.1604545454545
52.5508181818182
77.6688181818182
74.9973636363636
84.0845454545455
87.2907272727273
59.2010909090909
79.2424545454545
70.9603636363636
64.9800909090909
55.8540909090909
58.8471818181818
75.0426363636364
86.4724545454546
79.0885454545455
76.9066363636364
65.0191818181818
76.5783636363636
68.4962727272727
69.5299090909091
69.7277272727273
89.43
62.4231818181818
60.9531818181818
62.3535454545455
71.0613636363636
81.164
75.2332727272727
79.2159090909091
69.9485454545455
69.0624545454545
58.241
78.8379090909091
70.2632727272727
81.6844545454545
97.2208181818182
56.0484545454545
89.2754545454546
62.0010909090909
48.8441818181818
74.7127272727273
83.3729090909091
84.4703636363636
82.056
63.5583636363636
73.4070909090909
65.4482727272727
66.9157272727273
66.7964545454546
76.2710909090909
52.3467272727273
81.5127272727273
56.0359090909091
97.1476363636364
71.3533636363636
65.4784545454546
70.628
83.3822727272727
75.8469090909091
65.7869090909091
65.5252727272727
62.0597272727273
64.1285454545455
55.5283636363636
65.7391818181818
81.192
92.9034545454546
72.5707272727273
52.8721818181818
91.8540909090909
77.6425454545455
69.0797272727273
70.2755454545455
105.875727272727
76.1389090909091
62.0726363636364
64.4331818181818
96.8176363636364
62.3777272727273
73.3748181818182
60.9181818181818
75.9708181818182
73.9260909090909
65.8835454545455
74.8639090909091
64.3758181818182
58.2464545454545
84.0137272727273
85.4078181818182
72.4923636363636
66.8562727272727
67.9891818181818
61.5248181818182
71.8615454545454
59.7942727272727
69.1868181818182
92.4053636363636
73.5762727272727
66.671
94.8613636363636
71.1114545454545
57.402
73.4215454545455
65.1990909090909
92.9022727272727
81.876
70.3193636363636
60.1879090909091
59.6696363636364
72.7709090909091
61.6465454545455
72.615
67.766
55.832
75.5538181818182
76.7421818181818
67.6433636363636
61.3135454545455
81.4430909090909
60.8351818181818
75.5493636363636
81.2079090909091
77.7614545454546
72.3440909090909
76.9932727272727
67.3204545454546
73.2865454545455
70.5036363636364
74.631
81.915
83.3630909090909
86.941
51.5184545454545
65.4380909090909
65.098
66.1855454545455
63.8912727272727
89.8309090909091
59.7335454545455
66.1303636363636
89.1226363636364
66.5526363636364
82.5769090909091
60.1304545454545
53.8891818181818
67.6004545454546
66.0250909090909
59.0698181818182
105.063727272727
66.7003636363636
69.4032727272727
55.6024545454545
81.7703636363636
78.3611818181818
60.5017272727273
75.9796363636364
47.2494545454545
64.1059090909091
72.9660909090909
63.1773636363636
86.4430909090909
64.1404545454545
71.5866363636364
63.393
70.6731818181818
51.0019090909091
91.0389090909091
61.2443636363636
60.0740909090909
70.9721818181818
78.5097272727273
70.6438181818182
68.5216363636364
109.619909090909
73.6094545454545
97.4977272727273
62.9373636363636
71.8808181818182
87.7167272727273
76.0497272727273
99.6031818181818
77.9057272727273
72.7723636363636
60.7460909090909
68.8239090909091
58.4531818181818
66.3628181818182
66.8462727272727
84.1450909090909
51.3178181818182
79.2535454545455
78.3731818181818
66.7659090909091
69.6620909090909
85.0144545454546
58.9737272727273
79.8404545454545
66.7203636363636
76.2055454545455
74.3176363636364
72.8569090909091
63.898
70.3223636363636
58.3182727272727
71.5135454545455
88.0589090909091
75.4510909090909
81.6742727272727
73.1599090909091
65.5492727272727
68.0630909090909
72.2219090909091
70.4853636363636
83.9337272727273
58.2038181818182
60.6479090909091
76.7930909090909
79.4828181818182
70.3112727272727
62.1094545454545
77.9443636363636
77.1589090909091
90.8336363636364
82.9332727272727
93.8100909090909
72.7111818181818
90.5109090909091
67.2423636363636
58.6371818181818
68.685
77.4606363636364
82.1165454545455
80.5884545454546
55.873
91.739
66.4336363636364
67.7687272727273
81.7542727272727
67.072
64.4849090909091
71.2849090909091
54.5258181818182
82.1258181818182
84.8336363636364
79.1941818181818
70.9522727272727
67.5218181818182
66.2488181818182
68.344
68.8972727272727
54.5043636363636
66.026
69.9666363636364
58.3684545454545
74.1930909090909
70.9508181818182
94.4364545454546
59.601
96.8337272727273
73.3717272727273
70.8044545454545
58.2440909090909
61.2399090909091
71.5907272727273
75.0517272727273
65.0761818181818
88.7691818181818
97.1832727272727
76.4688181818182
60.1008181818182
72.7084545454545
59.3047272727273
69.5073636363636
64.5090909090909
75.203
74.9931818181818
86.3735454545455
76.7624545454545
52.7366363636364
75.8452727272727
66.4136363636364
75.0309090909091
85.8134545454545
67.0786363636364
60.793
70.9705454545455
77.0272727272727
84.9992727272727
69.8066363636364
72.2675454545455
79.5425454545455
77.0839090909091
75.781
82.0129090909091
75.1537272727273
92.6072727272727
73.3215454545455
61.108
82.8880909090909
96.6719090909091
55.8483636363636
79.7216363636364
65.2489090909091
83.6782727272727
77.2148181818182
61.0548181818182
108.526
52.8283636363636
98.867
81.4258181818182
73.8310909090909
75.3507272727273
65.0059090909091
75.0223636363636
69.0085454545455
84.0123636363636
91.3890909090909
55.8842727272727
76.5114545454545
80.3085454545455
68.6035454545455
109.687363636364
69.5342727272727
66.4040909090909
67.2976363636364
71.898
64.772
68.3484545454545
78.341
80.6982727272727
101.703363636364
73.6394545454546
74.7555454545455
71.0311818181818
66.5013636363636
76.4317272727273
71.4943636363636
91.1700909090909
70.7495454545455
81.9157272727273
65.0161818181818
83.9001818181818
87.0488181818182
68.7837272727273
62.3914545454546
62.0036363636364
52.2769090909091
83.0785454545455
70.5610909090909
72.7683636363636
62.9531818181818
67.1103636363636
72.973
71.9237272727273
77.513
73.0234545454545
70.5836363636364
80.3709090909091
72.6721818181818
64.266
79.7218181818182
79.5240909090909
69.8372727272727
61.355
69.8375454545454
81.5440909090909
66.9425454545455
86.5937272727273
72.2545454545455
52.9296363636364
73.1008181818182
79.1252727272727
75.9119090909091
69.6565454545455
78.7563636363636
79.6752727272727
57.9893636363636
75.8399090909091
65.5241818181818
58.0791818181818
58.0725454545455
75.7087272727273
66.2395454545454
59.5413636363636
72.6736363636364
77.585
64.2310909090909
62.888
67.2039090909091
71.3905454545455
78.7295454545455
86.1339090909091
75.9674545454545
76.6128181818182
77.2991818181818
77.1382727272727
58.7964545454545
72.0351818181818
69.626
49.7247272727273
67.8337272727273
102.602545454545
63.262
76.8799090909091
91.1050909090909
79.0965454545454
58.9806363636364
71.0806363636364
78.4118181818182
88.9509090909091
73.0997272727273
74.4937272727273
62.2800909090909
59.228
78.568
82.2656363636364
72.4772727272727
63.1255454545455
80.3191818181818
52.3636363636364
77.572
64.8215454545455
65.512
78.2671818181818
77.8226363636364
68.3561818181818
68.2858181818182
84.5748181818182
70.943
75.3551818181818
80.467
55.6691818181818
80.8142727272727
60.4993636363636
84.2327272727273
59.7603636363636
83.3741818181818
62.6892727272727
73.9368181818182
69.1336363636364
53.2987272727273
76.681
76.4584545454545
67.1386363636364
89.159
110.483909090909
68.5842727272727
92.7497272727273
61.9991818181818
89.5774545454545
73.7287272727273
65.2035454545455
82.8436363636364
82.2992727272727
63.7473636363636
64.5278181818182
69.5084545454545
69.3713636363636
67.9168181818182
61.7478181818182
81.1529090909091
59.0554545454545
90.7200909090909
67.0166363636364
65.6377272727273
83.0001818181818
75.0611818181818
70.0800909090909
78.492
86.1317272727273
70.6117272727273
63.5772727272727
83.2352727272727
76.3538181818182
59.5215454545455
87.1241818181818
98.933
69.2294545454545
63.2297272727273
85.1470909090909
72.6613636363636
71.8601818181818
69.354
82.6661818181818
64.1552727272727
78.6040909090909
70.2426363636364
72.0164545454546
67.6447272727273
66.5124545454545
66.0217272727273
75.1679090909091
91.5705454545455
89.1621818181818
69.8360909090909
87.6475454545455
75.6398181818182
55.9772727272727
85.1662727272727
70.8025454545455
72.3248181818182
73.7978181818182
73.2877272727273
62.7756363636364
64.6793636363636
69.023
78.5064545454545
58.4170909090909
62.1308181818182
87.4966363636364
66.7603636363636
81.6826363636364
86.1862727272727
83.8441818181818
81.1308181818182
80.7357272727273
65.3892727272727
69.3577272727273
82.2328181818182
65.9041818181818
58.0503636363636
54.456
56.3245454545455
88.6381818181818
82.4864545454545
55.3211818181818
52.272
89.808
68.585
60.8194545454545
80.0220909090909
74.8713636363636
64.1353636363636
75.2307272727273
64.4820909090909
85.3949090909091
66.2314545454545
72.8248181818182
71.8390909090909
62.3470909090909
82.7453636363636
90.7444545454545
80.1879090909091
69.0601818181818
57.6920909090909
76.3157272727273
59.8828181818182
76.6878181818182
93.3053636363636
52.6302727272727
83.2115454545455
56.0079090909091
74.2989090909091
61.8555454545455
74.7326363636364
74.7965454545455
75.303
70.3004545454545
56.1813636363636
71.856
56.6796363636364
67.2279090909091
74.8355454545455
58.3719090909091
80.6284545454545
64.3926363636364
74.8810909090909
53.0049090909091
65.9780909090909
62.4030909090909
66.5720909090909
66.4630909090909
65.39
52.2735454545455
82.9937272727273
76.6936363636364
76.1625454545455
53.8688181818182
77.7751818181818
92.5940909090909
84.7092727272727
82.108
74.4937272727273
83.9736363636364
80.7390909090909
71.6711818181818
86.1252727272727
75.7461818181818
71.0743636363636
73.5183636363636
66.1958181818182
74.6165454545455
62.3203636363636
77.1193636363636
69.379
75.3519090909091
60.0981818181818
75.7890909090909
64.7417272727273
64.5599090909091
90.7349090909091
62.6212727272727
85.7577272727273
76.7935454545455
81.8755454545455
69.7874545454546
72.1875454545455
69.2071818181818
73.8116363636364
72.5336363636364
80.3800909090909
56.6659090909091
69.0999090909091
69.4327272727273
58.6352727272727
84.6468181818182
68.2631818181818
73.0036363636364
68.0943636363636
52.479
70.6109090909091
77.3754545454545
68.9359090909091
73.6872727272727
80.3345454545454
103.717545454545
57.9788181818182
63.7851818181818
85.4389090909091
79.4349090909091
78.2686363636364
86.0528181818182
84.0915454545455
94.4260909090909
64.4504545454545
74.2992727272727
74.6057272727273
75.8904545454545
81.7450909090909
80.3428181818182
72.6614545454545
67.3952727272727
78.7415454545455
62.4206363636364
56.8412727272727
72.748
95.8213636363636
68.295
77.9977272727273
59.2825454545455
66.042
68.6514545454545
94.5957272727273
60.4550909090909
79.8216363636364
93.4366363636364
90.549
66.1743636363636
74.7424545454545
77.9582727272727
57.7013636363636
84.1018181818182
52.0395454545455
58.601
91.6295454545455
65.5076363636364
83.2058181818182
56.6449090909091
56.6666363636364
61.9011818181818
69.9292727272727
63.9003636363636
71.9644545454545
70.0278181818182
71.2272727272727
85.8020909090909
60.8672727272727
64.0232727272727
86.7754545454546
66.6081818181818
80.0412727272727
59.0912727272727
57.1
75.8826363636364
63.8762727272727
77.9353636363636
70.8948181818182
84.2552727272727
68.2050909090909
64.1410909090909
59.9849090909091
74.2028181818182
59.5547272727273
83.2286363636364
65.0498181818182
66.2911818181818
58.7164545454545
86.0465454545455
75.4592727272727
83.4917272727273
78.2955454545455
74.0585454545455
65.7255454545455
87.5514545454545
75.2121818181818
60.1628181818182
67.2167272727273
83.7055454545455
70.8523636363636
65.9525454545455
82.6414545454546
63.2785454545455
78.0832727272727
73.5987272727273
94.8681818181818
60.6549090909091
71.015
82.1293636363636
66.8688181818182
102.967363636364
83.3153636363636
74.6136363636364
69.4702727272727
84.0340909090909
71.6000909090909
69.8555454545454
67.2650909090909
79.4229090909091
67.2801818181818
69.9094545454546
49.7959090909091
56.0948181818182
77.1059090909091
86.0248181818182
59.1999090909091
90.5719090909091
72.7502727272727
78.1559090909091
69.7786363636364
54.9631818181818
79.3144545454546
65.9115454545455
70.7054545454545
63.7527272727273
80.0118181818182
67.7073636363636
73.9609090909091
83.5142727272727
64.0523636363636
77.1180909090909
81.4265454545455
73.1772727272727
79.4057272727273
78.0935454545454
74.1955454545455
67.56
86.4226363636364
96.3150909090909
71.5681818181818
66.3761818181818
58.2981818181818
84.4103636363636
89.5315454545455
92.097
52.4358181818182
78.3080909090909
79.105
96.9214545454546
62.0453636363636
59.0927272727273
81.2425454545454
69.203
61.2612727272727
82.7308181818182
66.0114545454545
64.1405454545455
75.1842727272727
71.4185454545455
81.9922727272727
98.3491818181818
71.8265454545455
82.3859090909091
68.476
62.6143636363636
67.6927272727273
77.3740909090909
84.7612727272727
76.7559090909091
80.9060909090909
68.3046363636364
70.9121818181818
69.2994545454546
94.6059090909091
76.7739090909091
70.17
67.5566363636364
71.5611818181818
79.0285454545455
69.4364545454546
79.7013636363636
87.8744545454546
84.4800909090909
76.3230909090909
62.6782727272727
65.654
73.5499090909091
81.5497272727273
67.2795454545455
66.5094545454545
96.1006363636364
77.1219090909091
71.3381818181818
73.5387272727273
69.5368181818182
77.1739090909091
67.4627272727273
64.999
70.0482727272727
69.1370909090909
72.4209090909091
77.286
55.1424545454545
61.5846363636364
56.556
72.2072727272727
70.8387272727273
81.376
82.6039090909091
82.7369090909091
59.8827272727273
82.916
76.1786363636364
66.452
65.2610909090909
88.2319090909091
75.8908181818182
70.9523636363636
70.4385454545455
60.1613636363636
56.0699090909091
75.6957272727273
94.4620909090909
84.9205454545455
53.0339090909091
79.691
106.395181818182
64.7437272727273
70.0267272727273
71.0700909090909
59.5218181818182
71.6345454545455
57.8735454545455
62.4058181818182
63.6267272727273
71.326
72.9843636363636
62.2811818181818
64.1341818181818
79.4561818181818
86.0255454545455
97.3237272727273
70.5633636363636
78.9764545454545
72.5978181818182
62.6358181818182
72.5012727272727
76.0292727272727
61.7246363636364
67.247
70.8004545454545
59.0662727272727
83.4231818181818
70.8300909090909
66.2532727272727
57.0697272727273
79.4950909090909
63.3951818181818
93.1438181818182
71.0108181818182
78.0754545454545
83.3384545454546
75.2103636363636
69.2294545454545
70.4235454545455
75.0717272727273
49.2698181818182
72.4738181818182
78.1281818181818
80.6403636363636
79.4850909090909
72.3800909090909
64.837
88.7731818181818
77.3581818181818
54.9310909090909
79.3825454545455
72.3662727272727
70.6280909090909
62.4405454545455
62.2948181818182
74.7127272727273
87.2003636363636
79.2149090909091
56.0753636363636
58.9017272727273
54.2344545454545
75.3641818181818
56.1407272727273
68.1575454545455
59.7619090909091
62.8592727272727
75.4913636363636
79.6229090909091
71.0606363636364
76.4232727272727
82.4496363636364
62.5472727272727
69.4874545454545
76.6184545454546
86.1811818181818
67.5080909090909
79.663
56.7185454545455
58.8373636363636
74.7326363636364
64.6904545454545
79.6857272727273
74.1304545454545
66.1446363636364
67.7461818181818
68.7089090909091
66.1503636363636
78.3612727272727
66.4091818181818
61.0876363636364
67.0744545454545
81.8729090909091
72.2500909090909
70.2677272727273
80.2518181818182
70.7573636363636
84.5317272727273
68.132
92.9156363636364
90.8855454545455
70.7628181818182
100.129545454545
72.8435454545455
76.266
58.4862727272727
67.423
58.7922727272727
86.0742727272727
68.0642727272727
55.1856363636364
89.6546363636364
69.4569090909091
62.6009090909091
73.5686363636364
92.777
63.9738181818182
60.129
65.3211818181818
80.2879090909091
69.7435454545455
63.0574545454545
67.3882727272727
77.2451818181818
89.9377272727273
49.7866363636364
60.2597272727273
80.8079090909091
69.5077272727273
60.4975454545455
63.318
53.5094545454545
73.0595454545455
77.2340909090909
74.5446363636364
69.8383636363636
61.3913636363636
76.6188181818182
63.4303636363636
63.345
66.5456363636364
66.7906363636364
68.5659090909091
63.9907272727273
83.7836363636364
70.0547272727273
51.6588181818182
85.6431818181818
72.7122727272727
90.4853636363636
83.8736363636364
68.881
74.5045454545455
63.2627272727273
82.3809090909091
56.2969090909091
60.1554545454545
78.9764545454545
70.8840909090909
74.681
82.9075454545455
79.4564545454545
63.1953636363636
74.0629090909091
77.3784545454545
82.4218181818182
85.427
74.4949090909091
63.1441818181818
64.7483636363636
84.0554545454546
83.9736363636364
76.0615454545455
64.9167272727273
69.5976363636364
66.1234545454545
71.8295454545455
74.3924545454546
67.3418181818182
77.6088181818182
86.8479090909091
69.0609090909091
69.5795454545455
83.3367272727273
66.6179090909091
81.2028181818182
66.0929090909091
73.4892727272727
69.6533636363636
84.0818181818182
74.2408181818182
73.7967272727273
59.5037272727273
71.2115454545455
83.4560909090909
71.9643636363636
67.913
48.6918181818182
67.5843636363636
59.6435454545455
70.7115454545455
64.3717272727273
86.1970909090909
77.4760909090909
62.8771818181818
72.615
64.0832727272727
73.1253636363636
67.3431818181818
88.0532727272727
80.9852727272727
89.9659090909091
67.8771818181818
68.7276363636364
69.7973636363636
76.2088181818182
69.1016363636364
84.1583636363636
66.3862727272727
82.8880909090909
76.6788181818182
62.0025454545455
78.7131818181818
70.7292727272727
76.6570909090909
84.0474545454545
76.0298181818182
75.5700909090909
71.0071818181818
75.7144545454545
63.0103636363636
57.1214545454545
55.2224545454545
89.4595454545455
94.0974545454546
67.6114545454545
65.8441818181818
62.0375454545455
78.624
67.201
60.8169090909091
55.8719090909091
57.9696363636364
71.0860909090909
71.1295454545455
72.3169090909091
69.2813636363636
76.2299090909091
80.7115454545455
65.6174545454545
69.6181818181818
59.3744545454545
80.4171818181818
86.1077272727273
78.4692727272727
74.464
88.6312727272727
77.1448181818182
61.4648181818182
53.3120909090909
72.5323636363636
76.8450909090909
77.5491818181818
83.1046363636364
82.4944545454545
59.5114545454545
66.1835454545455
65.317
75.1929090909091
52.7162727272727
82.411
62.3176363636364
73.2169090909091
69.7480909090909
88.3165454545455
76.2476363636364
66.4225454545455
67.9988181818182
59.8342727272727
77.6347272727273
99.8316363636364
91.4588181818182
57.4741818181818
52.7011818181818
81.8595454545455
75.9494545454545
61.6325454545455
66.1154545454546
70.6682727272727
80.8330909090909
87.6910909090909
60.1370909090909
90.266
90.2768181818182
79.5210909090909
82.0897272727273
79.4131818181818
79.1731818181818
71.1142727272727
71.4598181818182
66.7501818181818
76.9423636363636
52.1231818181818
68.0600909090909
84.78
78.0169090909091
62.3471818181818
66.6631818181818
83.0963636363636
70.4624545454545
83.6952727272727
67.725
77.8587272727273
70.6560909090909
81.1548181818182
65.1517272727273
84.333
79.6095454545455
67.277
68.4135454545455
62.1569090909091
70.2438181818182
79.0329090909091
64.7585454545455
72.6227272727273
70.9281818181818
76.0960909090909
70.333
72.3757272727273
52.1556363636364
59.2530909090909
71.5295454545455
63.9934545454545
76.2674545454545
67.6298181818182
81.7372727272727
75.7692727272727
63.5418181818182
57.3141818181818
80.7728181818182
54.0982727272727
92.377
71.1976363636364
79.328
75.9777272727273
67.6953636363636
67.9223636363636
84.1298181818182
52.7000909090909
70.6327272727273
57.458
73.6872727272727
67.5072727272727
89.979
72.5112727272727
75.0706363636364
81.2882727272727
90.9088181818182
74.8512727272727
75.8985454545455
82.6771818181818
56.3506363636364
60.1196363636364
76.2499090909091
83.4369090909091
74.4484545454546
85.6720909090909
72.5640909090909
71.6106363636364
72.0326363636364
104.763363636364
70.1832727272727
65.623
80.555
63.5368181818182
108.713272727273
93.3133636363636
63.0851818181818
89.6677272727273
78.5373636363636
69.2672727272727
80.7021818181818
82.6166363636364
93.7994545454546
73.0341818181818
56.6862727272727
57.0630909090909
88.3834545454545
90.3836363636364
73.1024545454545
58.3654545454545
85.8161818181818
61.4827272727273
92.6640909090909
90.0754545454545
66.0556363636364
94.8160909090909
71.2024545454545
72.6270909090909
66.0121818181818
84.3647272727273
78.5576363636364
81.5039090909091
91.4488181818182
66.6699090909091
68.021
70.7623636363636
75.5609090909091
78.7960909090909
75.2203636363636
73.252
84.114
66.9503636363636
88.6824545454545
70.6718181818182
79.0463636363636
72.4985454545455
71.1486363636364
72.696
78.265
78.9662727272727
95.8105454545455
77.2049090909091
55.5369090909091
69.1102727272727
54.5538181818182
65.206
74.6618181818182
91.2325454545455
66.6752727272727
79.8285454545455
66.5072727272727
74.5775454545455
73.9341818181818
73.6974545454545
64.7065454545454
92.2021818181818
55.4996363636364
87.0690909090909
59.1941818181818
103.208909090909
82.1094545454546
55.907
80.7582727272727
86.3651818181818
68.7892727272727
82.1687272727273
67.9145454545455
73.1770909090909
62.1116363636364
70.8253636363636
65.5156363636364
72.7605454545455
73.6099090909091
93.574
79.7902727272727
66.5445454545455
68.9588181818182
88.2445454545455
70.576
65.9611818181818
81.3457272727273
87.514
66.7379090909091
63.4518181818182
57.5574545454545
82.0535454545455
54.1158181818182
81.603
80.2963636363636
80.2962727272727
74.5140909090909
67.8504545454545
62.2831818181818
72.248
80.8485454545455
58.3504545454545
75.3994545454545
87.5815454545455
55.7786363636364
77.1750909090909
59.0647272727273
63.8334545454546
73.1008181818182
71.022
71.518
63.1041818181818
69.097
61.3143636363636
71.4277272727273
59.1263636363636
63.3996363636364
91.9649090909091
65.8222727272727
74.7861818181818
70.8886363636364
73.7477272727273
80.0689090909091
70.5814545454545
74.5561818181818
76.7440909090909
71.3632727272727
96.9429090909091
80.5179090909091
79.0261818181818
62.4611818181818
81.5621818181818
77.2995454545455
69.6849090909091
83.8844545454545
84.7107272727273
79.711
74.235
76.3463636363636
77.4300909090909
74.2463636363636
60.4748181818182
72.6430909090909
66.6295454545455
67.5363636363636
73.9585454545455
71.8031818181818
79.1169090909091
56.2765454545455
99.9433636363636
60.4091818181818
86.423
86.4907272727273
83.5854545454546
75.8782727272727
71.3717272727273
74.78
67.683
88.4245454545455
72.2943636363636
90.9921818181818
59.3036363636364
72.333
63.0780909090909
81.5210909090909
91.356
75.2921818181818
84.2112727272727
51.3461818181818
67.9810909090909
83.3244545454545
70.442
72.1472727272727
65.5414545454545
82.558
58.3164545454545
73.252
73.6401818181818
81.2734545454545
66.2835454545455
54.8510909090909
76.2980909090909
75.0242727272727
60.5365454545455
64.6694545454545
76.251
84.0386363636364
78.0110909090909
80.9166363636364
61.5555454545455
54.7122727272727
63.708
77.6039090909091
67.4346363636364
59.0338181818182
68.764
72.2386363636364
63.6944545454545
73.0193636363636
61.714
80.3709090909091
58.6892727272727
63.0352727272727
80.3122727272727
84.4210909090909
61.2386363636364
72.3876363636364
69.6193636363636
76.0860909090909
74.493
74.1283636363636
83.027
63.9520909090909
82.5312727272727
69.5754545454545
85.2761818181818
83.6182727272727
65.098
69.6902727272727
90.774
67.8037272727273
80.4213636363636
60.5476363636364
73.4346363636364
70.1442727272727
82.0125454545455
67.3782727272727
78.5450909090909
76.5476363636364
90.5719090909091
65.095
84.4879090909091
72.5575454545455
78.1208181818182
60.2855454545455
82.7122727272727
56.9391818181818
87.9973636363636
78.7671818181818
58.6159090909091
84.2755454545455
91.8927272727273
84.7830909090909
84.9455454545455
74.8019090909091
84.3092727272727
81.9157272727273
66.2971818181818
72.5519090909091
78.1878181818182
62.0603636363636
65.2864545454545
79.7508181818182
57.9857272727273
78.7538181818182
66.8902727272727
65.0317272727273
75.5394545454545
75.5654545454545
85.4389090909091
