"V1"
22.3
34.8873529411765
36.3105882352941
28.0967647058824
34.3626470588235
30.5355882352941
29.9132352941176
35.4785294117647
29.2558823529412
14.9829411764706
17.04
20.0917647058824
32.9158823529412
26.9058823529412
24.4497058823529
29.4188235294118
35.5288235294118
43.3714705882353
30.545
36.0897058823529
17.0061764705882
30.7488235294118
26.9838235294118
23.9888235294118
31.8020588235294
29.8932352941176
29.4864705882353
28.4138235294118
25.2829411764706
34.1835294117647
32.1161764705882
24.945
32.9623529411765
32.6341176470588
30.4735294117647
24.6426470588235
35.8688235294118
34.6988235294118
24.7055882352941
27.5538235294118
36.8326470588235
23.2717647058824
18.6373529411765
40.0794117647059
41.8332352941176
36.9561764705882
33.8229411764706
33.9726470588235
44.3323529411765
34.9270588235294
30.3047058823529
39.8032352941176
24.4252941176471
21.21
30.6697058823529
27.6294117647059
23.8879411764706
23.0323529411765
33.9941176470588
15.7126470588235
14.8955882352941
29.5741176470588
28.185
33.7323529411765
22.8429411764706
24.8661764705882
32.105
28.9511764705882
18.7376470588235
27.4376470588235
33.7879411764706
26.8144117647059
33.7773529411765
28.2132352941176
44.4352941176471
35.4476470588235
28.9905882352941
30.6661764705882
33.6464705882353
23.3544117647059
40.4423529411765
29.6017647058824
31.6147058823529
40.3620588235294
22.3561764705882
19.2688235294118
33.5029411764706
34.7664705882353
25.8691176470588
16.4914705882353
19.2735294117647
32.0961764705882
22.0232352941176
30.0811764705882
17.5485294117647
24.4514705882353
32.63
25.9997058823529
28.2291176470588
34.1402941176471
30.6823529411765
35.2823529411765
30.3779411764706
36.9844117647059
26.5214705882353
30.8667647058824
20.8023529411765
26.1238235294118
18.7126470588235
30.0744117647059
22.9135294117647
34.2438235294118
24.0335294117647
34.3917647058824
32.4441176470588
39.6041176470588
21.9755882352941
34.2764705882353
24.9994117647059
27.7411764705882
31.955
32.0041176470588
27.7167647058824
28.0994117647059
29.4152941176471
31.8894117647059
40.2623529411765
38.8247058823529
32.4191176470588
23.5058823529412
31.545
27.0520588235294
19.2720588235294
33.0517647058824
25.2088235294118
26.7794117647059
30.635
41.0432352941176
29.3497058823529
22.6273529411765
38.1429411764706
32.7432352941176
23.3923529411765
36.5294117647059
21.9494117647059
23.7370588235294
21.75
27.9858823529412
16.8467647058824
33.6926470588235
23.0905882352941
36.1917647058824
23.08
30.0773529411765
34.6291176470588
27.1291176470588
38.4820588235294
32.5838235294118
29.1841176470588
24.3526470588235
30.2823529411765
27.4235294117647
22.6208823529412
23.5038235294118
25.0594117647059
24.5129411764706
31.2402941176471
18.4123529411765
30.7967647058824
17.2938235294118
34.6982352941176
18.1529411764706
23.6167647058824
31.6791176470588
22.3294117647059
24.5714705882353
23.7997058823529
23.9708823529412
28.6752941176471
24.8891176470588
22.8447058823529
24.3958823529412
24.3094117647059
39.6870588235294
34.7741176470588
30.2064705882353
20.8202941176471
30.1052941176471
25.8335294117647
30.3473529411765
26.6576470588235
30.1317647058824
33.9785294117647
29.3020588235294
29.4179411764706
25.0735294117647
24.875
27.4805882352941
30.9088235294118
46.1414705882353
26.0882352941176
31.3320588235294
28.6520588235294
24.9194117647059
25.4320588235294
39.6652941176471
23.5720588235294
29.0805882352941
32.3541176470588
22.5702941176471
23.3444117647059
24.2182352941176
26.4973529411765
24.4632352941176
35.7285294117647
30.1841176470588
31.8344117647059
24.3638235294118
30.4702941176471
30.3741176470588
35.9032352941176
19.3279411764706
31.3926470588235
32.6141176470588
31.4041176470588
27.9458823529412
25.1594117647059
24.9026470588235
28.9982352941176
26.8376470588235
29.1511764705882
28.2888235294118
32.8738235294118
24.7255882352941
32.7761764705882
31.3423529411765
25.9767647058824
26.5223529411765
31.3502941176471
22.1714705882353
27.1623529411765
31.0864705882353
21.0291176470588
23.0494117647059
24.1120588235294
19.7255882352941
32.5788235294118
25.9026470588235
28.3041176470588
22.1485294117647
25.5779411764706
35.3326470588235
34.1597058823529
34.9102941176471
30.8347058823529
30.1552941176471
31.7267647058824
29.9241176470588
30.6335294117647
28.8326470588235
33.0473529411765
22.6220588235294
27.1317647058824
30.5591176470588
31.7352941176471
32.4755882352941
35.1305882352941
26.7288235294118
36.3561764705882
28.6567647058824
21.8805882352941
33.1814705882353
28.0832352941176
34.3676470588235
33.3008823529412
28.0470588235294
27.0597058823529
26.2605882352941
27.26
25.0673529411765
34.0594117647059
32.0641176470588
37.5241176470588
23.4911764705882
25.9794117647059
26.8247058823529
36.6082352941176
34.3711764705882
20.2535294117647
21.2414705882353
20.2258823529412
20.575
28.465
32.4364705882353
39.6620588235294
37.9788235294118
36.7802941176471
34.1711764705882
39.3297058823529
24.8320588235294
30.9485294117647
26.4476470588235
24.1038235294118
18.1620588235294
33.6844117647059
24.8902941176471
30.6220588235294
32.8794117647059
27.8467647058824
34.605
27.1305882352941
28.2444117647059
36.93
30.7261764705882
27.9220588235294
35.1732352941176
25.6470588235294
35.3670588235294
27.5826470588235
43.6120588235294
24.0879411764706
27.9967647058824
33.8282352941176
35.4326470588235
41.3144117647059
34.7723529411765
30.5897058823529
21.6611764705882
28.9623529411765
33.5261764705882
33.5017647058824
40.9414705882353
39.175
25.8117647058824
39.2394117647059
41.1123529411765
31.2908823529412
40.5808823529412
39.0052941176471
32.5311764705882
32.8052941176471
18.3835294117647
22.8602941176471
27.4991176470588
32.7970588235294
35.4814705882353
36.3214705882353
36.0414705882353
24.7879411764706
30.5376470588235
31.5588235294118
18.2217647058824
26.985
40.6267647058824
27.9382352941176
31.4367647058824
39.9532352941176
34.0382352941176
32.1576470588235
31.0947058823529
24.5705882352941
36.8623529411765
29.6861764705882
26.6497058823529
20.5208823529412
20.4458823529412
35.0405882352941
24.4982352941176
23.0797058823529
22.2582352941176
27.6402941176471
37.4614705882353
32.8852941176471
27.0038235294118
34.4617647058824
26.4991176470588
37.1135294117647
38.1297058823529
33.6244117647059
18.6967647058824
19.0902941176471
38.7891176470588
36.6061764705882
26.5364705882353
32.7297058823529
44.9335294117647
26.9173529411765
30.3864705882353
21.0367647058824
38.3302941176471
23.2311764705882
40.4905882352941
26.045
26.5352941176471
24.7155882352941
27.3470588235294
29.4632352941176
31.8355882352941
25.5194117647059
38.9179411764706
28.0355882352941
37.5
39.0755882352941
19.83
46.7558823529412
36.0179411764706
27.3767647058824
31.315
32.305
21.6661764705882
24.0832352941176
22.5608823529412
28.4385294117647
29.5626470588235
36.0523529411765
31.3632352941176
25.3764705882353
32.3829411764706
35.88
30.7614705882353
26.3920588235294
33.8391176470588
28.7358823529412
31.8514705882353
36.6626470588235
28.4470588235294
28.2629411764706
28.1452941176471
38.5064705882353
36.2026470588235
25.7397058823529
32.9476470588235
35.9935294117647
34.8982352941176
35.6923529411765
47.7473529411765
24.6223529411765
36.8202941176471
37.2167647058824
34.9270588235294
25.1720588235294
24.0411764705882
10.0873529411765
33.4852941176471
18.4117647058824
38.1811764705882
34.5358823529412
25.8547058823529
34.2423529411765
32.9241176470588
25.2655882352941
28.3744117647059
26.2791176470588
36.5661764705882
28.2014705882353
26.285
27.0697058823529
32.775
32.8905882352941
41.5426470588235
33.4179411764706
25.095
33.8047058823529
36.2767647058823
31.2067647058824
38.1664705882353
21.6935294117647
37.0694117647059
26.2752941176471
36.7170588235294
33.6455882352941
40.2829411764706
22.4773529411765
32.6367647058823
34.0952941176471
38.5667647058824
27.2061764705882
36.98
24.0488235294118
17.99
19.4602941176471
30.1364705882353
45.5385294117647
22.8355882352941
31.8085294117647
25.2702941176471
27.5817647058824
17.0126470588235
33.5361764705882
31.5029411764706
26.9320588235294
24.8923529411765
29.9805882352941
36.6161764705882
24.9617647058824
27.4014705882353
26.2397058823529
19.4794117647059
25.9464705882353
27.7388235294118
32.2314705882353
29.6314705882353
24.2605882352941
32.1567647058824
34.3135294117647
42.5802941176471
26.1929411764706
27.3635294117647
22.0811764705882
16.7064705882353
29.4373529411765
43.4785294117647
46.4567647058823
38.2829411764706
25.7617647058824
35.8691176470588
32.2758823529412
22.7017647058824
37.3376470588235
21.5964705882353
31.7029411764706
23.4697058823529
35.6861764705882
25.155
29.7629411764706
28.1741176470588
25.6729411764706
39.5794117647059
23.9988235294118
22.8341176470588
20.8670588235294
21.3520588235294
40.2320588235294
27.7602941176471
29.9105882352941
23.4694117647059
28.4844117647059
35.8220588235294
20.4747058823529
36.3282352941176
33.8232352941176
24.3085294117647
23.7179411764706
27.1688235294118
44.6767647058824
27.9067647058824
38.4829411764706
37.1917647058824
33.4326470588235
28.9394117647059
28.1047058823529
22.9802941176471
34.2694117647059
32.8708823529412
37.4482352941176
30.8211764705882
30.7288235294118
25.1423529411765
27.1658823529412
26.345
28.6764705882353
33.0370588235294
32.6929411764706
26.2417647058824
25.4776470588235
23.8241176470588
27.0847058823529
23.1894117647059
28.0679411764706
20.3505882352941
30.1214705882353
18.9844117647059
24.2852941176471
35.1717647058824
33.9367647058824
25.7879411764706
40.4214705882353
30.0729411764706
39.0129411764706
33.6314705882353
24.1655882352941
36.9535294117647
20.4588235294118
28.5526470588235
22.8670588235294
34.4526470588235
38.2723529411765
32.7467647058824
43.2202941176471
29.0811764705882
23.4558823529412
35.2420588235294
28.8844117647059
20.015
28.0520588235294
29.9073529411765
24.0020588235294
27.9473529411765
33.7185294117647
37.1064705882353
35.0114705882353
18.5973529411765
30.0832352941176
29.71
36.975
22.3758823529412
25.1544117647059
28.6864705882353
34.025
32.0332352941176
29.6091176470588
33.1708823529412
25.415
25.8079411764706
26.4332352941176
29.7935294117647
46.6741176470588
33.1847058823529
33.0591176470588
35.9882352941176
25.2629411764706
33.0520588235294
33.9544117647059
28.5579411764706
28.0011764705882
27.1997058823529
40.2570588235294
34.8561764705882
38.7220588235294
38.8894117647059
24.1255882352941
29.9991176470588
33.6294117647059
26.8394117647059
26.1882352941176
24.1352941176471
28.7985294117647
33.8735294117647
36.4691176470588
32.1544117647059
24.0552941176471
34.2429411764706
34.37
44.5991176470588
29.0973529411765
26.8388235294118
25.6270588235294
28.7738235294118
38.4979411764706
36.8688235294118
25.4188235294118
30.0394117647059
20.8738235294118
21.2452941176471
24.1791176470588
27.7952941176471
34.9729411764706
28.2055882352941
30.2776470588235
19.5461764705882
32.9208823529412
43.3761764705882
33.2908823529412
35.3247058823529
25.4902941176471
27.7770588235294
24.6738235294118
19.8632352941176
28.1261764705882
24.3094117647059
37.3164705882353
24.7285294117647
27.675
33.8423529411765
31.9502941176471
38.5202941176471
32.6547058823529
34.9585294117647
27.0611764705882
28.42
27.9085294117647
28.1288235294118
28.9326470588235
26.0508823529412
26.0417647058824
29.9558823529412
37.8223529411765
27.3358823529412
26.3755882352941
23.9791176470588
36.5073529411765
29.9914705882353
19.9720588235294
26.83
33.9485294117647
20.1482352941176
30.3791176470588
35.7491176470588
25.4344117647059
29.4185294117647
31.8573529411765
24.4044117647059
32.7979411764706
26.8476470588235
27.4679411764706
33.7944117647059
33.2635294117647
30.2805882352941
28.0255882352941
21.37
29.7255882352941
20.8211764705882
25.0170588235294
33.4405882352941
27.9941176470588
21.8426470588235
32.4723529411765
26.0720588235294
33.2532352941176
29.4738235294118
35.5220588235294
24.0297058823529
34.1582352941176
22.1188235294118
20.72
28.2917647058824
28.9173529411765
33.2982352941176
28.5347058823529
29.4429411764706
30.1435294117647
20.3820588235294
38.8144117647059
31.4208823529412
29.2488235294118
28.7261764705882
34.7729411764706
25.9011764705882
29.0464705882353
25.3011764705882
32.8411764705882
32.7979411764706
34.7364705882353
36.9961764705882
28.4773529411765
33.8808823529412
34.3220588235294
33.7585294117647
37.1626470588235
28.5438235294118
17.6888235294118
21.8229411764706
37.0161764705882
30.3888235294118
39.26
29.0211764705882
26.1802941176471
39.9902941176471
29.4238235294118
26.5714705882353
30.1264705882353
27.3188235294118
33.7364705882353
28.3267647058824
35.3752941176471
21.8297058823529
34.1202941176471
33.8897058823529
36.915
26.6426470588235
30.4097058823529
27.4997058823529
28.0355882352941
29.0835294117647
27.8976470588235
22.8105882352941
42.8379411764706
18.65
30.8032352941176
30.2408823529412
25.0597058823529
31.4814705882353
31.4129411764706
23.3138235294118
27.635
35.1732352941176
24.6626470588235
25.3752941176471
36.4064705882353
37.3014705882353
27.2835294117647
31.1073529411765
21.7094117647059
16.7720588235294
30.1467647058824
32.3747058823529
38.5423529411765
34.9782352941176
36.7964705882353
27.1258823529412
38.7720588235294
42.0720588235294
19.985
31.0311764705882
35.2182352941176
43.2808823529412
23.4938235294118
23.7047058823529
28.2432352941176
30.8458823529412
28.8279411764706
27.9811764705882
30.575
34.3452941176471
28.6744117647059
22.2891176470588
20.1635294117647
20.7555882352941
29.1744117647059
31.1664705882353
29.4661764705882
38.8638235294118
24.7832352941176
14.9114705882353
28.5717647058824
41.7541176470588
23.0876470588235
26.0791176470588
46.82
17.5076470588235
29.7023529411765
39.1435294117647
40.8517647058824
25.0958823529412
33.1067647058824
33.5267647058823
27.4097058823529
37.4764705882353
19.0985294117647
19.0655882352941
30.5570588235294
30.67
29.4602941176471
27.7026470588235
28.0955882352941
26.735
29.5947058823529
22.4788235294118
41.8135294117647
40.1808823529412
20.94
39.2841176470588
35.0705882352941
26.2141176470588
26.1129411764706
36.23
31.8423529411765
29.8605882352941
31.2088235294118
31.0458823529412
32.3947058823529
36.3052941176471
33.9694117647059
23.4929411764706
25.4520588235294
42.6391176470588
31.8079411764706
29.49
25.9270588235294
27.8752941176471
25.0514705882353
33.0220588235294
32.9811764705882
29.5873529411765
30.6167647058824
27.5120588235294
35.1958823529412
37.0305882352941
34.3729411764706
30.3102941176471
20.5132352941176
25.5102941176471
36.3205882352941
27.1841176470588
25.1191176470588
19.1620588235294
28.1935294117647
34.2191176470588
30.8908823529412
43.555
40.9823529411765
29.5614705882353
26.8105882352941
20.1758823529412
35.2085294117647
19.8676470588235
27.2617647058824
38.1261764705882
26.33
24.805
29.5388235294118
23.3338235294118
32.3214705882353
39.1879411764706
15.8664705882353
31.2708823529412
33.0241176470588
24.6838235294118
27.0305882352941
29.5685294117647
30.3391176470588
28.6394117647059
29.6923529411765
29.9658823529412
39.6885294117647
38.3511764705882
35.5908823529412
35.4011764705882
29.4532352941176
29.3729411764706
33.2014705882353
39.8911764705882
27.9482352941176
25.1344117647059
35.0764705882353
40.9385294117647
24.8708823529412
32.3370588235294
18.4297058823529
25.8288235294118
27.0861764705882
31.3623529411765
29.7529411764706
37.0082352941176
27.9294117647059
39.0023529411765
34.8026470588235
29.8535294117647
29.0017647058824
38.0314705882353
27.7217647058824
33.1511764705882
24.7423529411765
32.2591176470588
26.6317647058824
33.1038235294118
33.1414705882353
30.685
24.5638235294118
31.6197058823529
25.0405882352941
36.025
23.945
38.6464705882353
35.1429411764706
41.4538235294118
37.9491176470588
30.0464705882353
31.2785294117647
35.9770588235294
29.6579411764706
26.4591176470588
32.7838235294118
22.5826470588235
32.7758823529412
30.2129411764706
32.0470588235294
25.6570588235294
30.1761764705882
32.9155882352941
36.9761764705882
25.2608823529412
31.8444117647059
27.32
22.6241176470588
29.6297058823529
23.6444117647059
32.8247058823529
25.1561764705882
35.165
35.7179411764706
23.1135294117647
24.6923529411765
36.4511764705882
24.6902941176471
23.3332352941176
28.4317647058824
30.2355882352941
32.8594117647059
28.7123529411765
26.1976470588235
28.3391176470588
32.8273529411765
26.4923529411765
30.0755882352941
27.025
31.2605882352941
25.7594117647059
23.6705882352941
25.5114705882353
42.3144117647059
31.6735294117647
31.2835294117647
31.6055882352941
31.5723529411765
29.4114705882353
27.1405882352941
20.9082352941176
21.1361764705882
35.8455882352941
24.1717647058824
25.3017647058824
31.4182352941176
34.1376470588235
21.2426470588235
20.0155882352941
28.2185294117647
33.5667647058824
36.1061764705882
17.4205882352941
29.0370588235294
38.9597058823529
32.1032352941176
33.8641176470588
28.4723529411765
22.8888235294118
25.4791176470588
27.5788235294118
28.92
30.9520588235294
33.0132352941176
24.2726470588235
24.6732352941176
21.3658823529412
27.9626470588235
35.0344117647059
29.6241176470588
30.7552941176471
22.7720588235294
40.4547058823529
36.0882352941176
36.9679411764706
21.7573529411765
27.6044117647059
31.9008823529412
33.6547058823529
20.2226470588235
31.4535294117647
25.6620588235294
41.5473529411765
24.5085294117647
29.6502941176471
41.7564705882353
42.2158823529412
26.8679411764706
28.6926470588235
42.2891176470588
40.5941176470588
26.1026470588235
27.2294117647059
33.1158823529412
38.9517647058824
30.4597058823529
32.7317647058824
20.1305882352941
22.9547058823529
34.64
27.22
30.5247058823529
28.9905882352941
23.4714705882353
27.4538235294118
25.6952941176471
21.1767647058824
26.6535294117647
15.7602941176471
26.8997058823529
33.5308823529412
25.1311764705882
19.0544117647059
26.4047058823529
18.7517647058824
40.9211764705882
30.9594117647059
27.0014705882353
24.6697058823529
26.2344117647059
46.1917647058823
26.4711764705882
23.6717647058824
29.7235294117647
28.4320588235294
29.2782352941176
26.8338235294118
17.375
34.1497058823529
31.8226470588235
24.9079411764706
25.9044117647059
31.7188235294118
26.6129411764706
31.3829411764706
31.8579411764706
27.9208823529412
29.2235294117647
30.6517647058824
33.2311764705882
31.9679411764706
28.3691176470588
26.2782352941176
34.0294117647059
30.4508823529412
32.7494117647059
32.7208823529412
29.4944117647059
29.6038235294118
35.9402941176471
23.7079411764706
34.0414705882353
23.4132352941176
35.7508823529412
26.8355882352941
35.0394117647059
31.1717647058824
19.8714705882353
31.6997058823529
26.7658823529412
26.0664705882353
24.4288235294118
21.8052941176471
24.73
21.7405882352941
26.4
25.8667647058824
34.9947058823529
29.0711764705882
39.7338235294118
32.1285294117647
28.1991176470588
22.9764705882353
32.7670588235294
34.8264705882353
35.8376470588235
32.9547058823529
29.3
23.9623529411765
32.8070588235294
27.3276470588235
32.9976470588235
30.8982352941176
19.3167647058824
46.7814705882353
40.2838235294118
20.6535294117647
31.8811764705882
24.2123529411765
28.7141176470588
43.0944117647059
27.43
29.2567647058824
18.0947058823529
31.0067647058824
31.855
37.76
22.7973529411765
40.3544117647059
20.0502941176471
28.4867647058824
36.6405882352941
25.5814705882353
27.8685294117647
31.8244117647059
27.6629411764706
25.9176470588235
24.3461764705882
27.8414705882353
25.6755882352941
25.4391176470588
33.4564705882353
37.2335294117647
36.9208823529412
32.4679411764706
19.4652941176471
33.3491176470588
33.975
20.2658823529412
31.4597058823529
35.4179411764706
26.0926470588235
24.7829411764706
41.8579411764706
29.3973529411765
25.6717647058824
31.1
34.8355882352941
30.0961764705882
32.4885294117647
28.7947058823529
28.4538235294118
25.7441176470588
23.3264705882353
17.4364705882353
34.9464705882353
31.5638235294118
35.3355882352941
22.5914705882353
30.8585294117647
36.2717647058824
26.8905882352941
24.6502941176471
28.9735294117647
39.9502941176471
28.3811764705882
25.4232352941176
34.7494117647059
21.9773529411765
30.8694117647059
32.3941176470588
24.3211764705882
31.8494117647059
34.8908823529412
25.0761764705882
35.5044117647059
38.1791176470588
31.2661764705882
22.4508823529412
30.7070588235294
33.4941176470588
23.0861764705882
24.6020588235294
33.4938235294118
36.9282352941176
25.7482352941176
22.9332352941176
24.1294117647059
27.2611764705882
29.6767647058824
21.4879411764706
32.6723529411765
26.3347058823529
31.5485294117647
28.8129411764706
27.9152941176471
33.3385294117647
28.9952941176471
26.0161764705882
24.3173529411765
20.9914705882353
38.6044117647059
23.4570588235294
34.61
35.3529411764706
28.3311764705882
31.8097058823529
14.2432352941176
33.8561764705882
26.4120588235294
31.5976470588235
32.3544117647059
24.0617647058824
31.7082352941176
28.1320588235294
31.0173529411765
32.4805882352941
28.36
23.7391176470588
27.9852941176471
44.1964705882353
31.6105882352941
27.7897058823529
28.1935294117647
36.6908823529412
27.8282352941176
26.9385294117647
38.0729411764706
34.0064705882353
27.5302941176471
32.2958823529412
30.1870588235294
32.4776470588235
23.9791176470588
31.9926470588235
19.1
25.8285294117647
35.5255882352941
24.7294117647059
34.2752941176471
32.0455882352941
37.1197058823529
31.3038235294118
24.0808823529412
31.6658823529412
26.52
23.3776470588235
36.08
28.0929411764706
25.0658823529412
25.8602941176471
30.6958823529412
27.7420588235294
35.2932352941177
34.9579411764706
27.2452941176471
34.4794117647059
34.4538235294118
26.4235294117647
28.8241176470588
37.4541176470588
26.2367647058824
27.9591176470588
34.9208823529412
33.6029411764706
32.8135294117647
26.97
23.5091176470588
27.6926470588235
36.6485294117647
34.1364705882353
24.6132352941176
36.2097058823529
23.4229411764706
32.8779411764706
32.46
25.3317647058824
28.4785294117647
34.4582352941176
27.2602941176471
16.5464705882353
37.1194117647059
30.3494117647059
21.2602941176471
25.6047058823529
26.6870588235294
38.81
32.1897058823529
30.5408823529412
31.0464705882353
38.1373529411765
31.2741176470588
30.5773529411765
25.2055882352941
44.1676470588235
38.5017647058824
31.0729411764706
29.1805882352941
28.4682352941176
42.7926470588235
25.8861764705882
29.3323529411765
30.9908823529412
28.2385294117647
25.5305882352941
30.2108823529412
31.4294117647059
27.7817647058824
22.8082352941176
33.5688235294118
35.1976470588235
30.2379411764706
27.7117647058824
33.3661764705882
30.7664705882353
29.8147058823529
21.895
24.5529411764706
32.1667647058824
32.42
28.4182352941176
26.6164705882353
22.9920588235294
26.3694117647059
32.5285294117647
32.935
27.9252941176471
23.3241176470588
29.3379411764706
30.7397058823529
31.3994117647059
38.5861764705882
42.0388235294118
39.6308823529412
29.1570588235294
30.2676470588235
22.2973529411765
30.4297058823529
30.875
32.035
27.8444117647059
29.0132352941176
33.5532352941176
31.1205882352941
24.9441176470588
25.875
29.7947058823529
25.9638235294118
31.8929411764706
23.6276470588235
18.4779411764706
31.1614705882353
24.2255882352941
36.0017647058824
35.7829411764706
21.1326470588235
45.8005882352941
21.1485294117647
33.2944117647059
32.9270588235294
28.6988235294118
45.81
28.6776470588235
24.2461764705882
20.8520588235294
25.93
31.4605882352941
24.3176470588235
26.8982352941176
30.2508823529412
40.0367647058824
29.9664705882353
27.1244117647059
34.6476470588235
26.3141176470588
32.7861764705882
29.2997058823529
19.3938235294118
25.7494117647059
27.3370588235294
20.7667647058824
32.73
29.2176470588235
24.8617647058824
24.0370588235294
30.4423529411765
23.4620588235294
33.7335294117647
23.91
23.7023529411765
37.4585294117647
30.5297058823529
27.2852941176471
32.4964705882353
27.9364705882353
27.0620588235294
35.1476470588235
24.9544117647059
28.4788235294118
33.4541176470588
29.1385294117647
38.1635294117647
33.9847058823529
24.9335294117647
26.1041176470588
30.5273529411765
27.4176470588235
22.1341176470588
31.3423529411765
41.6408823529412
38.0976470588235
20.9097058823529
31.2844117647059
39.9176470588235
19.8579411764706
29.4014705882353
31.2926470588235
25.4435294117647
22.5864705882353
33.6517647058823
24.1264705882353
29.2744117647059
33.1744117647059
25.7817647058824
21.4717647058824
30.9420588235294
20.7947058823529
32.8167647058824
36.3041176470588
28.645
21.2888235294118
30.5447058823529
31.1335294117647
34.0285294117647
30.2091176470588
29.1241176470588
31.3829411764706
21.4329411764706
30.0176470588235
38.3067647058824
27.3044117647059
22.9626470588235
32.6911764705882
27.3561764705882
43.6941176470588
16.4635294117647
26.5282352941176
23.625
41.5397058823529
27.1088235294118
21.1397058823529
44.9444117647059
30.0435294117647
23.0785294117647
17.4773529411765
28.9535294117647
30.6576470588235
30.1438235294118
27.1332352941176
21.9414705882353
25.715
24.475
32.6667647058824
28.5520588235294
32.3258823529412
22.0188235294118
21.2241176470588
31.6526470588235
30.4835294117647
28.0032352941176
36.9276470588235
34.3147058823529
33.8702941176471
23.9444117647059
34.5747058823529
14.6423529411765
31.3111764705882
22.8682352941176
26.7264705882353
25.4723529411765
44.5814705882353
22.4308823529412
40.2385294117647
32.1997058823529
29.6494117647059
28.7355882352941
25.0923529411765
29.2191176470588
31.1320588235294
39.7526470588235
30.7129411764706
23.5476470588235
24.1611764705882
33.0552941176471
30.6629411764706
20.53
33.5805882352941
32.8979411764706
30.9229411764706
25.0791176470588
30.2579411764706
32.5535294117647
15.1226470588235
37.5241176470588
25.7938235294118
34.005
35.9591176470588
36.9573529411765
35.8105882352941
32.1994117647059
44.4108823529412
20.9476470588235
29.3964705882353
23.5191176470588
24.4447058823529
35.3091176470588
30.3882352941176
28.5908823529412
31.5476470588235
25.4355882352941
24.9985294117647
28.6188235294118
30.2926470588235
31.4370588235294
26.0676470588235
24.9170588235294
37.9938235294118
30.8891176470588
32.7667647058824
36.5647058823529
33.9523529411765
35.2544117647059
28.2852941176471
24.4238235294118
30.1479411764706
34.9738235294118
29.6414705882353
20.4491176470588
30.4267647058824
46.1817647058824
29.3517647058824
24.9614705882353
33.2017647058824
40.1241176470588
21.0373529411765
28.5605882352941
25.4226470588235
19.0870588235294
29.4673529411765
29.5491176470588
20.9052941176471
31.8717647058824
27.6697058823529
25.1173529411765
23.8761764705882
22.4338235294118
29.9535294117647
34.0091176470588
22.7491176470588
26.9570588235294
35.12
27.0123529411765
25.3711764705882
25.6564705882353
31.9964705882353
30.6782352941176
25.4376470588235
31.1217647058824
23
24.0211764705882
41.415
33.0958823529412
38.2879411764706
21.7494117647059
31.8776470588235
39.8938235294118
20.4020588235294
36.6297058823529
33.5761764705882
17.9123529411765
33.1808823529412
29.1544117647059
34.7720588235294
29.25
28.1270588235294
29.3667647058824
23.5264705882353
29.1867647058824
28.6208823529412
29.8908823529412
31.9294117647059
27.6752941176471
31.4970588235294
28.3008823529412
38.7817647058824
33.9267647058824
22.5535294117647
33.7020588235294
29.8417647058824
27.3158823529412
33.9967647058824
34.7967647058824
21.2323529411765
29.7497058823529
41.8408823529412
20.6876470588235
32.1629411764706
27.595
26.1076470588235
26.4435294117647
26.6255882352941
19.3179411764706
33.7582352941176
36.4973529411765
26.2694117647059
38.5608823529412
30.3202941176471
27.9344117647059
18.0226470588235
25.1152941176471
27.7376470588235
24.3752941176471
39.7038235294118
22.2664705882353
35.7529411764706
32.5023529411765
27.4264705882353
35.5026470588235
33.5302941176471
27.5914705882353
27.7732352941176
25.5791176470588
25.4611764705882
29.6558823529412
28.3108823529412
31.6417647058824
30.3197058823529
23.1255882352941
27.2344117647059
31.3394117647059
36.0070588235294
27.4829411764706
22.8673529411765
28.3064705882353
38.2823529411765
32.8891176470588
26.1220588235294
24.6014705882353
26.3138235294118
33.7958823529412
33.8326470588235
39.6794117647059
21.3470588235294
31.5244117647059
30.7797058823529
23.8158823529412
30.0408823529412
31.3664705882353
38.0338235294118
20.9344117647059
32.1758823529412
24.9208823529412
28.8005882352941
36.2932352941177
37.9432352941176
38.8129411764706
34.9973529411765
25.7858823529412
25.8670588235294
31.0947058823529
29.2902941176471
26.0252941176471
24.0432352941176
36.7452941176471
38.575
27.1673529411765
23.6155882352941
34.3485294117647
41.5917647058824
31.5117647058824
18.2585294117647
38.9476470588235
36.3364705882353
27.1085294117647
31.0185294117647
38.9432352941176
24.9629411764706
26.5285294117647
29.4311764705882
26.7929411764706
22.2082352941176
28.5852941176471
24.7244117647059
28.2491176470588
36.3005882352941
28.9379411764706
32.8652941176471
33.9217647058824
30.9167647058824
23.7397058823529
27.6585294117647
38.3020588235294
29.7835294117647
38.2791176470588
24.4520588235294
29.7935294117647
25.4476470588235
30.8535294117647
24.7776470588235
28.2117647058824
36.7473529411765
24.1591176470588
32.1767647058824
25.2344117647059
28.8032352941176
30.3841176470588
31.4926470588235
28.7470588235294
38.7311764705882
23.8279411764706
35.8805882352941
24.7194117647059
37.4555882352941
26.6476470588235
23.1532352941176
29.9767647058824
22.1717647058824
34.8370588235294
30.3052941176471
32.6591176470588
19.5876470588235
26.8523529411765
27.0547058823529
26.5661764705882
25.1367647058824
21.0129411764706
31.9688235294118
22.1523529411765
25.1217647058824
39.5326470588235
37.4155882352941
29.6867647058824
36.5179411764706
34.4802941176471
19.9279411764706
33.2988235294118
34.0358823529412
29.3826470588235
35.1152941176471
26.3826470588235
26.5032352941176
33.0658823529412
33.9617647058824
28.7682352941176
25.6235294117647
27.6973529411765
26.3858823529412
23.57
19.2008823529412
36.1755882352941
32.7738235294118
32.6632352941176
30.2202941176471
24.2167647058824
18.9717647058824
29.7173529411765
13.2644117647059
39.6379411764706
35.3005882352941
47.5923529411765
22.3929411764706
22.2255882352941
24.9229411764706
35.5973529411765
32.4179411764706
31.8794117647059
40.2964705882353
29.5614705882353
28.1123529411765
31.9311764705882
32.7344117647059
36.6214705882353
27.2388235294118
29.3770588235294
22.2788235294118
25.7411764705882
31.8108823529412
32.7291176470588
27.7305882352941
24.6464705882353
36.3244117647059
39.5252941176471
40.6532352941176
29.3502941176471
29.4029411764706
25.8470588235294
18.3044117647059
30.2520588235294
33.9791176470588
30.7817647058824
47.2152941176471
26.47
34.6041176470588
30.4614705882353
32.0079411764706
31.0479411764706
34.3505882352941
35.1473529411765
30.6170588235294
20.8594117647059
27.1785294117647
35.2108823529412
33.3732352941176
22.1094117647059
25.7191176470588
26.1008823529412
20.31
21.545
32.2502941176471
33.6188235294118
21.4411764705882
34.6008823529412
28.8582352941176
34.8947058823529
27.7414705882353
31.7776470588235
21.0126470588235
39.9023529411765
34.8529411764706
39.3332352941176
39.1011764705882
30.1138235294118
27.235
35.7255882352941
25.5961764705882
29.4052941176471
29.8047058823529
34.6367647058824
29.0541176470588
32.6102941176471
27.6223529411765
36.0785294117647
34.1920588235294
28.6405882352941
30.955
23.3894117647059
35.1176470588235
21.5123529411765
29.3208823529412
23.3344117647059
27.9441176470588
39.3873529411765
18.8861764705882
24.7035294117647
33.6073529411765
22.5014705882353
30.1258823529412
27.9170588235294
26.3941176470588
35.8394117647059
29.2714705882353
32.2070588235294
25.7691176470588
35.5361764705882
38.6311764705882
38.8685294117647
42.5785294117647
18.1588235294118
38.61
39.2014705882353
39.6094117647059
32.7720588235294
38.9720588235294
29.1426470588235
21.0032352941176
33.2988235294118
43.7694117647059
35.0867647058824
37.8991176470588
35.4079411764706
27.1555882352941
32.7897058823529
34.3170588235294
24.9555882352941
26.9729411764706
38.3214705882353
19.9691176470588
35.3391176470588
28.9108823529412
23.7197058823529
40.7317647058824
24.5076470588235
25.4382352941176
24.6973529411765
30.8479411764706
29.5611764705882
26.1411764705882
27.5705882352941
31.1226470588235
28.7379411764706
27.88
26.2267647058824
25.2714705882353
30.1152941176471
28.1517647058824
26.0276470588235
42.8073529411765
25.6602941176471
26.6105882352941
36.9052941176471
31.4402941176471
15.9067647058824
20.9426470588235
32.6626470588235
29.2361764705882
32.5623529411765
40.3935294117647
24.9226470588235
35.1829411764706
36.3732352941176
29.7867647058824
27.7994117647059
23.5473529411765
26.0302941176471
24.4647058823529
17.4979411764706
25.0029411764706
24.9267647058824
24.3423529411765
25.4326470588235
25.8111764705882
30.0182352941176
32.0573529411765
30.1244117647059
28.1061764705882
20.7561764705882
27.1835294117647
26.1670588235294
25.0379411764706
26.3808823529412
34.3108823529412
33.7667647058824
25.8894117647059
29.7505882352941
23.3894117647059
27.2452941176471
29.3505882352941
32.1464705882353
31.5597058823529
21.7008823529412
28.3979411764706
24.5367647058824
27.4958823529412
28.6005882352941
19.765
24.3991176470588
24.6747058823529
24.5744117647059
24.8985294117647
44.6111764705882
29.7288235294118
35.805
23.8561764705882
22.5814705882353
20.655
34.4817647058824
28.785
25.1161764705882
26.495
23.7152941176471
25.4241176470588
31.27
28.3070588235294
27.6011764705882
35.9252941176471
21.7879411764706
26.3367647058824
29.9479411764706
36.4076470588235
24.6044117647059
30.5235294117647
27.5326470588235
30.0776470588235
42.1188235294118
34.8202941176471
35.9432352941176
30.7455882352941
21.1967647058824
33.9517647058824
36.5782352941176
27.0370588235294
24.7164705882353
28.6126470588235
22.2294117647059
31.2138235294118
36.2047058823529
39.3441176470588
30.0955882352941
34.3776470588235
30.5741176470588
42.7988235294118
27.3029411764706
36.4747058823529
31.3323529411765
34.8529411764706
47.8820588235294
17.4841176470588
20.9752941176471
27.9082352941176
36.9935294117647
29.0911764705882
21.0788235294118
24.2811764705882
22.1564705882353
21.9438235294118
37.32
34.0608823529412
28.6652941176471
27.4679411764706
28.89
26.1461764705882
24.9002941176471
25.1597058823529
26.3844117647059
32.7979411764706
26.305
32.1273529411765
20.1064705882353
35.37
32.6782352941176
27.665
25.6394117647059
30.7855882352941
35.6679411764706
29.0561764705882
26.4576470588235
32.7126470588235
31.4994117647059
20.6347058823529
32.3573529411765
28.4558823529412
25.8982352941176
27.8964705882353
25.8014705882353
30.6976470588235
27.7623529411765
35.0697058823529
27.1611764705882
33.1344117647059
18.8538235294118
46.4594117647059
27.4732352941176
28.9964705882353
28.7373529411765
29.5373529411765
36.4794117647059
38.5923529411765
21.8326470588235
21.2597058823529
27.8105882352941
37.8423529411765
22.6088235294118
30.4817647058824
26.5185294117647
32.0708823529412
27.9147058823529
27.0035294117647
17.6932352941176
37.8826470588235
24.6908823529412
26.6411764705882
25.7282352941176
32.6694117647059
32.5858823529412
34.3729411764706
36.2876470588235
28.3367647058824
30.8167647058824
26.3538235294118
24.8861764705882
25.3258823529412
16.1408823529412
29.9326470588235
25.5329411764706
25.2052941176471
24.2752941176471
29.8173529411765
22.5244117647059
22.7364705882353
41.76
24.3914705882353
20.2067647058824
28.6276470588235
30.1670588235294
28.3644117647059
21.6911764705882
25.2270588235294
31.7835294117647
37.0752941176471
35.8444117647059
26.7397058823529
27.3308823529412
30.4558823529412
33.0905882352941
24.8802941176471
22.0870588235294
32.6205882352941
25.9320588235294
25.7652941176471
23.0438235294118
28.8161764705882
31.0491176470588
21.6132352941176
35.2541176470588
31.0870588235294
33.3802941176471
22.8797058823529
29.2661764705882
21.4914705882353
19.3091176470588
20.0938235294118
38.4820588235294
20.4532352941176
26.9088235294118
40.7826470588235
30.8873529411765
20.6179411764706
22.3658823529412
35.8294117647059
34.1585294117647
26.4291176470588
28.2694117647059
30.4961764705882
23.8926470588235
33.2517647058824
23.6482352941176
21.1717647058824
26.8694117647059
23.7511764705882
25.7623529411765
28.9670588235294
35.45
30.3170588235294
29.2144117647059
23.5308823529412
26.5120588235294
37.8211764705882
27.4838235294118
30.52
28.2591176470588
32.0379411764706
42.0764705882353
30.5347058823529
30.2961764705882
39.3685294117647
23.6791176470588
26.6329411764706
30.9817647058824
24.5844117647059
37.2114705882353
23.6697058823529
25.4597058823529
32.9782352941176
28.0241176470588
29.8882352941176
30.5973529411765
35.7091176470588
29.6261764705882
32.3576470588235
26.8779411764706
23.7897058823529
24.1147058823529
29.6020588235294
21.3726470588235
32.2332352941176
30.6511764705882
30.1111764705882
31.5182352941176
30.8832352941176
29.3161764705882
34.9123529411765
34.2455882352941
30.5455882352941
33.0988235294118
22.725
28.5979411764706
20.1897058823529
36.5911764705882
24.5385294117647
23.4470588235294
31.8741176470588
29.8891176470588
26.8067647058824
35.6032352941176
28.9932352941176
28.2494117647059
21.5847058823529
30.5261764705882
31.0626470588235
37.3708823529412
28.2455882352941
34.3035294117647
39.0561764705882
24.2058823529412
29.4770588235294
26.6441176470588
28.6023529411765
27.3188235294118
37.2838235294118
39.2582352941176
27.2994117647059
24.4867647058824
35.3255882352941
29.5970588235294
28.8073529411765
27.0273529411765
29.0638235294118
24.2826470588235
28.1870588235294
29.6841176470588
31.3644117647059
22.1935294117647
18.9958823529412
32.2902941176471
24.8264705882353
40.4629411764706
23.0347058823529
33.1835294117647
26.1441176470588
37.0161764705882
33.7194117647059
20.2947058823529
26.5702941176471
24.5220588235294
37.0667647058823
31.0444117647059
21.3720588235294
24.2191176470588
23.8864705882353
27.9691176470588
28.9476470588235
29.5088235294118
22.5855882352941
26.9132352941176
37.915
22.1108823529412
26.1958823529412
29.4314705882353
29.0544117647059
21.3738235294118
27.7202941176471
29.7182352941176
30.1720588235294
22.62
22.3208823529412
25.8279411764706
21.9511764705882
29.795
28.1594117647059
38.7420588235294
21.7952941176471
31.4673529411765
24.3076470588235
33.6535294117647
21.8538235294118
32.4552941176471
15.4555882352941
26.1332352941176
19.8544117647059
30.77
34.5402941176471
24.9288235294118
35.3538235294118
25.4752941176471
32.7029411764706
34.5361764705882
33.9432352941176
42.2861764705882
30.7591176470588
19.0470588235294
37.4541176470588
23.4841176470588
31.6276470588235
24.1535294117647
37.7635294117647
25.8885294117647
39.0470588235294
33.8802941176471
27.175
39.2473529411765
21.3605882352941
22.5961764705882
23.2355882352941
26.4785294117647
38.2982352941176
25.7582352941176
25.0876470588235
30.8161764705882
30.2791176470588
20.4188235294118
47.8744117647059
17.0423529411765
26.5932352941176
30.6585294117647
23.6208823529412
26.3226470588235
29.1302941176471
29.8852941176471
30.1005882352941
37.5091176470588
29.3061764705882
24.9882352941176
42.7194117647059
30.4226470588235
28.4770588235294
30.4832352941176
47.3114705882353
28.5926470588235
29.0438235294118
24.2008823529412
34.0276470588235
33.3052941176471
34.2182352941176
16.9388235294118
31.3423529411765
42.1852941176471
25.0894117647059
37.4205882352941
28.2797058823529
23.1394117647059
16.1385294117647
29.7823529411765
16.2629411764706
35.6202941176471
33.1344117647059
15.3791176470588
27.1279411764706
35.0973529411765
29.8773529411765
30.1517647058824
35.1964705882353
28.5679411764706
16.0976470588235
24.6052941176471
23.2094117647059
27.5505882352941
31.475
21.5420588235294
37.3961764705882
27.5402941176471
32.8894117647059
16.6294117647059
32.665
27.4944117647059
35.1441176470588
34.1664705882353
30.11
35.4514705882353
38.9067647058824
19.4297058823529
25.245
15.5226470588235
22.6088235294118
33.1058823529412
30.3805882352941
34.0864705882353
31.7126470588235
17.9167647058824
38.6541176470588
37.5826470588235
27.6141176470588
31.5352941176471
29.6264705882353
35.9791176470588
36.4782352941176
25.9120588235294
24.9817647058824
28.2755882352941
28.2808823529412
25.5982352941176
19.5394117647059
29.6661764705882
33.6176470588235
25.4138235294118
19.8797058823529
20.2670588235294
33.5558823529412
35.2555882352941
25.0752941176471
45.0679411764706
29.4276470588235
34.3311764705882
32.0197058823529
21.8785294117647
29.4226470588235
15.3035294117647
21.1944117647059
27.1347058823529
29.205
24.3735294117647
30.0147058823529
24.9902941176471
25.5838235294118
31.5
21.5397058823529
32.1920588235294
27.1317647058824
21.5282352941176
24.2558823529412
28.89
22.9682352941176
31.47
33.5873529411765
32.815
26.8547058823529
40.9655882352941
20.4447058823529
27.4817647058824
31.9794117647059
35.1338235294118
19.2558823529412
36.1738235294118
29.8282352941176
27.8123529411765
22.8605882352941
29.3788235294118
20.5682352941176
21.605
21.8623529411765
34.8655882352941
37.5111764705882
25.4308823529412
23.3114705882353
22.5
41.6061764705882
30.1779411764706
29.6438235294118
35.5461764705882
26.1982352941176
22.1223529411765
32.4326470588235
22.7164705882353
18.3838235294118
29.4073529411765
21.8514705882353
33.7476470588235
29.2111764705882
26.9388235294118
21.9658823529412
35.8861764705882
31.0447058823529
30.6494117647059
39.5282352941176
31.6311764705882
24.4147058823529
25.5485294117647
29.0632352941176
27.9276470588235
23.2747058823529
38.5535294117647
24.7523529411765
34.3982352941176
30.1208823529412
23.8367647058824
19.4261764705882
24.1655882352941
22.4344117647059
37.3808823529412
30.1879411764706
26.3826470588235
33.2394117647059
38.9388235294118
27.8967647058824
43.1738235294118
33.03
36.1397058823529
32.1520588235294
28.6279411764706
28.6311764705882
28.8608823529412
23.5926470588235
25.2794117647059
34.6779411764706
30.5094117647059
35.3747058823529
36.0332352941176
29.7217647058824
37.5879411764706
24.6114705882353
22.2008823529412
28.0173529411765
24.2870588235294
34.0617647058824
34.0785294117647
32.4661764705882
30.1091176470588
40.9079411764706
33.5032352941176
26.5841176470588
25.4173529411765
25.7102941176471
27.9408823529412
31.6744117647059
33.7602941176471
25.6570588235294
46.0323529411765
35.2635294117647
23.71
21.47
23.185
29.6017647058824
25.1361764705882
29.0158823529412
18.1182352941176
33.2144117647059
25.0776470588235
32.5491176470588
17.0385294117647
35.2755882352941
33.2441176470588
24.8679411764706
22.1714705882353
37.1597058823529
28.7614705882353
26.0891176470588
25.2673529411765
23.1532352941176
28.7894117647059
38.6532352941176
29.6732352941176
26.5308823529412
25.805
22.2958823529412
27.0455882352941
28.7120588235294
24.7991176470588
34.4382352941176
31.0476470588235
30.3252941176471
20.8838235294118
33.2673529411765
43.3473529411765
23.92
25.1373529411765
41.7467647058824
26.0923529411765
27.3691176470588
36.7352941176471
35.3738235294118
24.9285294117647
44.3729411764706
31.1544117647059
23.3844117647059
39.7655882352941
37.3520588235294
41.5129411764706
37.7188235294118
34.24
25.6982352941176
30.7061764705882
28.9094117647059
25.2958823529412
32.485
33.4747058823529
31.2097058823529
24.2594117647059
32.9964705882353
33.5888235294118
31.6870588235294
28.9232352941176
38.1120588235294
30.8597058823529
27.4308823529412
27.1961764705882
27.5829411764706
37.2558823529412
28.2947058823529
39.1864705882353
27.2661764705882
20.4685294117647
29.6920588235294
27.3214705882353
22.9205882352941
33.1173529411765
26.4997058823529
17.8773529411765
45.5264705882353
31.1588235294118
35.2447058823529
30.9588235294118
35.7929411764706
27.7873529411765
30.0226470588235
34.4447058823529
34.7179411764706
32.0885294117647
31.9385294117647
36.3902941176471
37.9555882352941
26.6341176470588
45.1191176470588
22.4802941176471
25.2247058823529
39.5117647058824
21.7961764705882
32.8623529411765
24.7208823529412
28.5908823529412
18.9685294117647
42.7997058823529
23.0317647058824
32.7658823529412
42.5938235294118
40.0294117647059
23.8405882352941
25.1802941176471
24.1376470588235
42.6188235294118
29.7111764705882
21.7935294117647
28.7111764705882
27.2502941176471
41.1255882352941
27.4785294117647
27.9820588235294
22.715
45.2782352941176
18.8476470588235
30.7008823529412
30.2888235294118
39.3561764705882
33.3488235294118
30.9732352941176
19.6497058823529
36.5438235294118
30.8505882352941
38.1152941176471
26.4079411764706
18.3070588235294
26.3535294117647
35.7917647058824
33.7164705882353
29.035
25.9464705882353
26.1994117647059
26.8176470588235
29.0923529411765
34.5582352941176
29.9314705882353
26.1238235294118
28.8438235294118
21.0714705882353
43.4341176470588
34.4170588235294
39.5688235294118
31.3741176470588
30.8782352941176
33.1017647058824
35.0173529411765
28.3620588235294
26.2911764705882
35.8047058823529
29.9982352941176
31.8144117647059
26.1247058823529
27.6994117647059
37.7564705882353
27.6661764705882
32.7714705882353
31.4908823529412
28.5723529411765
41.1564705882353
27.1102941176471
24.1641176470588
21.1341176470588
21.7044117647059
34.2491176470588
31.5164705882353
32.4679411764706
29.6755882352941
31.6205882352941
28.7461764705882
31.3064705882353
32.5320588235294
21.3255882352941
32.7
30.3535294117647
29.3532352941176
25.0167647058824
27.7844117647059
35.9711764705882
28.9252941176471
35.8135294117647
34.7173529411765
27.6608823529412
37.0617647058824
22.8547058823529
42.9152941176471
27.2414705882353
32.6741176470588
19.7123529411765
36.4041176470588
21.5173529411765
26.8555882352941
37.6438235294118
28.4094117647059
23.86
33.2523529411765
25.4238235294118
23.3755882352941
43.1167647058824
36.7555882352941
27.9288235294118
21.7082352941176
28.8517647058824
33.2967647058824
20.2282352941176
35.0855882352941
30.7891176470588
24.7726470588235
31.5473529411765
20.8108823529412
35.8779411764706
29.2835294117647
23.3770588235294
31.0814705882353
25.1220588235294
33.3970588235294
33.7538235294118
25.0217647058824
32.9123529411765
26.7464705882353
30.9508823529412
38.0691176470588
18.5761764705882
23.3729411764706
30.4314705882353
31.9858823529412
23.9464705882353
30.6267647058824
43.9585294117647
40.3761764705882
19.8691176470588
32.2897058823529
29.8282352941176
31.9588235294118
29.8320588235294
26.9438235294118
22.6364705882353
34.2435294117647
26.6641176470588
15.1867647058824
21.9794117647059
27.3870588235294
22.7632352941176
32.9979411764706
26.6261764705882
30.1352941176471
34.9732352941177
24.8041176470588
32.3029411764706
23.3682352941176
24.8823529411765
25.2782352941176
31.065
28.5670588235294
41.9964705882353
24.6476470588235
30.2885294117647
17.4129411764706
27.3179411764706
24.2832352941176
30.9632352941176
21.1052941176471
29.4294117647059
28.6544117647059
25.2123529411765
34.3332352941176
39.0894117647059
20.83
30.9661764705882
28.3829411764706
28.9038235294118
34.1385294117647
26.9252941176471
35.0176470588235
31.4417647058824
21.4732352941176
27.3497058823529
16.7064705882353
29.3538235294118
47.9232352941176
20.8164705882353
28.0908823529412
36.1285294117647
36.3297058823529
41.1705882352941
21.9858823529412
23.9611764705882
25.4444117647059
29.5158823529412
29.2452941176471
33.06
37.2673529411765
24.4791176470588
26.3697058823529
29.8861764705882
26.7732352941176
17.0885294117647
30.1582352941176
27.0270588235294
26.3302941176471
39.9191176470588
27.3879411764706
35.7282352941176
37.5064705882353
26.7905882352941
31.9079411764706
35.3497058823529
36.0147058823529
31.4826470588235
16.1267647058824
26.5970588235294
30.3141176470588
18.6197058823529
28.8541176470588
30.5667647058824
26.6008823529412
24.3764705882353
34.7064705882353
35.5679411764706
26.9161764705882
23.3276470588235
31.0444117647059
28.3338235294118
30.2170588235294
33.3117647058824
25.6079411764706
35.3061764705882
27.0055882352941
33.0470588235294
19.7055882352941
34.0120588235294
21.2185294117647
31.8185294117647
24.6667647058824
36.1902941176471
34.6273529411765
24.9429411764706
22.8767647058824
34.1729411764706
30.7644117647059
25.4552941176471
31.8694117647059
27.4697058823529
40.3397058823529
20.2829411764706
32.4529411764706
33.8073529411765
29.2173529411765
36.7870588235294
27.2544117647059
31.1970588235294
21.6185294117647
28.7394117647059
30.8814705882353
29.4444117647059
29.8320588235294
27.0694117647059
24.4905882352941
35.8002941176471
35.975
33.2288235294118
16.9967647058824
31.7823529411765
29.0817647058824
27.0652941176471
31.0511764705882
38.8152941176471
34.7152941176471
23.5576470588235
28.1952941176471
26.6008823529412
29.6461764705882
17.9791176470588
29.9076470588235
34.7194117647059
31.6855882352941
41.5702941176471
26.1529411764706
25.3244117647059
24.7058823529412
17.6644117647059
29.3402941176471
29.29
26.775
21.4476470588235
26.9435294117647
25.0811764705882
30.3735294117647
32.96
38.0914705882353
24.0314705882353
31.6255882352941
25.0220588235294
26.6426470588235
26.0858823529412
31.9091176470588
26.3023529411765
22.9661764705882
26.4658823529412
16.3158823529412
29.8644117647059
22.9241176470588
26.0044117647059
29.6402941176471
33.3385294117647
30.5908823529412
20.9423529411765
26.2067647058824
17.0802941176471
26.0423529411765
31.2458823529412
27.2441176470588
38.0464705882353
27.0338235294118
24.2194117647059
37.8397058823529
35.0941176470588
34.9338235294118
32.2847058823529
24.3091176470588
35.0970588235294
29.8502941176471
24.1817647058824
25.7720588235294
28.1232352941176
41.0552941176471
25.0773529411765
37.6467647058824
26.1838235294118
20.5511764705882
27.0261764705882
35.4726470588235
23.4229411764706
28.3241176470588
22.4926470588235
35.0332352941176
33.4385294117647
35.6767647058824
23.9358823529412
29.245
38.1876470588235
36.9508823529412
27.575
27.9397058823529
29.0123529411765
34.265
34.2952941176471
33.9341176470588
28.2758823529412
41.2144117647059
27.8417647058824
32.6326470588235
30.4755882352941
20.4979411764706
27.3708823529412
24.2788235294118
28.3755882352941
24.3588235294118
35.1067647058824
30.9155882352941
35.8005882352941
22.1067647058824
33.7202941176471
33.4352941176471
23.3164705882353
32.5679411764706
39.5961764705882
34.7138235294118
18.4114705882353
27.1020588235294
36.4029411764706
38.3194117647059
24.3576470588235
21.1976470588235
27.8726470588235
27.6714705882353
25.6758823529412
30.7867647058824
33.7808823529412
24.0332352941176
28.9273529411765
30.4894117647059
34.3602941176471
33.5188235294118
44.8955882352941
30.745
32.6570588235294
25.3129411764706
32.8808823529412
23.4494117647059
30.8126470588235
25.7729411764706
30.3470588235294
24.2673529411765
35.3808823529412
24.1941176470588
33.6267647058824
36.8279411764706
37.8911764705882
40.0232352941176
22.1905882352941
38.1814705882353
26.1073529411765
24.6976470588235
21.25
31.1423529411765
25.4682352941176
36.8520588235294
29.9244117647059
20.0852941176471
35.9914705882353
26.7985294117647
33.7323529411765
44.9926470588235
24.5705882352941
28.7797058823529
31.1008823529412
33.08
31.6008823529412
30.6952941176471
32.4791176470588
23.3288235294118
27.6408823529412
23.4617647058824
24.8332352941176
24.3176470588235
21.7208823529412
22.9632352941176
25.3355882352941
28.9864705882353
29.0852941176471
27.9682352941176
31.4070588235294
23.9694117647059
29.2247058823529
38.8673529411765
27.3429411764706
37.6164705882353
24.5447058823529
19.9808823529412
30.1902941176471
38.7329411764706
34.7164705882353
29.4485294117647
31.5461764705882
32.9385294117647
26.6897058823529
24.2879411764706
22.5364705882353
25.5891176470588
26.6823529411765
28.9338235294118
36.6635294117647
35.3655882352941
19.89
33.0302941176471
34.6823529411765
32.2485294117647
30.0091176470588
27.9029411764706
29.0405882352941
28.7020588235294
31.1452941176471
31.0444117647059
21.2726470588235
34.7811764705882
36.7982352941176
20.4382352941176
30.2211764705882
19.3558823529412
32.5152941176471
32.2835294117647
34.9820588235294
32.0994117647059
32.1138235294118
43.6155882352941
34.4
32.7473529411765
34.2417647058824
31.2070588235294
44.2638235294118
30.8785294117647
23.0244117647059
25.0426470588235
29.9905882352941
38.4123529411765
30.7570588235294
26.6947058823529
28.7711764705882
30.12
34.4223529411765
24.5479411764706
30.9011764705882
32.3979411764706
24.1394117647059
43.8967647058824
31.9973529411765
25.8132352941176
24.2647058823529
27.5111764705882
32.57
15.9808823529412
26.2920588235294
35.1517647058823
33.5655882352941
41.2705882352941
41.1582352941176
35.3411764705882
32.5032352941176
34.4970588235294
32.9170588235294
24.0279411764706
26.9376470588235
30.2085294117647
27.8388235294118
36.4197058823529
17.1047058823529
21.9223529411765
19.9858823529412
35.0970588235294
31.2711764705882
23.4911764705882
26.8832352941176
30.5317647058824
28.2473529411765
22.5023529411765
33.4273529411765
24.1123529411765
29.5714705882353
30.9841176470588
24.5052941176471
20.3441176470588
30.1397058823529
20.2623529411765
29.4058823529412
23.4261764705882
30.1135294117647
27.7414705882353
37.1079411764706
17.8517647058824
25.5117647058824
29.2464705882353
38.5920588235294
27.4302941176471
23.0205882352941
22.8585294117647
24.1294117647059
25.2347058823529
26.2782352941176
27.8129411764706
36.035
42.3517647058824
30.2447058823529
25.4473529411765
24.0902941176471
25.3817647058824
25.3561764705882
31.2502941176471
32.85
35.1911764705882
24.5467647058824
23.1505882352941
17.3138235294118
36.6247058823529
38.7732352941176
34.5579411764706
23.01
36.9485294117647
28.6379411764706
21.1161764705882
25.8370588235294
29.5870588235294
31.5679411764706
27.0138235294118
33.9461764705882
31.4291176470588
27.9944117647059
26.2108823529412
30.4367647058824
27.2041176470588
27.5579411764706
25.55
41.6129411764706
28.1529411764706
24.4894117647059
31.0241176470588
36.1252941176471
37.5938235294118
23.8508823529412
31.6273529411765
27.7929411764706
19.6920588235294
23.9023529411765
38.7185294117647
31.2617647058824
40.5888235294118
34.9064705882353
23.7032352941176
37.8897058823529
25.2258823529412
38.9744117647059
26.9914705882353
23.9797058823529
23.8458823529412
38.9035294117647
32.6538235294118
33.8541176470588
35.5961764705882
30.9479411764706
31.5441176470588
47.315
35.8314705882353
24.1102941176471
19.7205882352941
30.0547058823529
37.5182352941176
30.3955882352941
30.8588235294118
22.4785294117647
19.9361764705882
30.3135294117647
30.8552941176471
19.4779411764706
30.0205882352941
29.8770588235294
45.4326470588235
18.9597058823529
30.9832352941176
32.0379411764706
30.4526470588235
27.9429411764706
37.8323529411765
31.5458823529412
33.0608823529412
23.1473529411765
29.3576470588235
22.8485294117647
35.1135294117647
32.6482352941176
26.0302941176471
32.8973529411765
22.7458823529412
30.1776470588235
33.3729411764706
25.6017647058824
43.1326470588235
21.7970588235294
25.9194117647059
27.9047058823529
31.8770588235294
14.2461764705882
42.9855882352941
41.0391176470588
30.4841176470588
41.2126470588235
33.7573529411765
24.7182352941176
34.9932352941176
31.1138235294118
28.8123529411765
27.1085294117647
32.5808823529412
37.2926470588235
26.0752941176471
28.4529411764706
20.6673529411765
35.5702941176471
30.5541176470588
24.4255882352941
28.6179411764706
36.8144117647059
34.48
29.7102941176471
27.4641176470588
24.1555882352941
28.5038235294118
42.4682352941176
36.3417647058824
24.5417647058824
33.9820588235294
32.5832352941176
41.7311764705882
30.9497058823529
36.7629411764706
31.9294117647059
27.6323529411765
28.5555882352941
16.4667647058824
29.4514705882353
25.2673529411765
24.3052941176471
29.0744117647059
42.1702941176471
25.7214705882353
36.3479411764706
32.8882352941176
19.4738235294118
25.0555882352941
31.7764705882353
18.0023529411765
18.8985294117647
33.6508823529412
27.4164705882353
30.6652941176471
30.8594117647059
27.7529411764706
26.3461764705882
31.7205882352941
33.0576470588235
33.1870588235294
33.2467647058824
38.0235294117647
22.6952941176471
34.48
27.9844117647059
29.4382352941176
37.1808823529412
29.4070588235294
26.1826470588235
31.0135294117647
28.8579411764706
29.0935294117647
30.2885294117647
28.5429411764706
16.3232352941176
29.4264705882353
31.4241176470588
26.6305882352941
24.8494117647059
33.8658823529412
33.615
40.0485294117647
44.5314705882353
31.6732352941176
26.7408823529412
32.3232352941176
21.3561764705882
29.6652941176471
31.5097058823529
24.7444117647059
24.6544117647059
27.3770588235294
22.8141176470588
29.915
28.5111764705882
29.7138235294118
21.4802941176471
36.0147058823529
21.8444117647059
37.3397058823529
35.5805882352941
30.7970588235294
27.1470588235294
17.8402941176471
30.4529411764706
27.2947058823529
26.0167647058824
27.5164705882353
28.81
33.4461764705882
26.7767647058824
29.6305882352941
27.6482352941176
30.9723529411765
24.2655882352941
37.6252941176471
30.3494117647059
26.4573529411765
36.7655882352941
34.1673529411765
29.4005882352941
24.7829411764706
13.5517647058824
21.0182352941176
41.0814705882353
19.3429411764706
31.2426470588235
39.7902941176471
23.9705882352941
35.1791176470588
33.4626470588235
28.4288235294118
44.8135294117647
25.9105882352941
36.5194117647059
23.3520588235294
33.2958823529412
19.1764705882353
26.3529411764706
22.6173529411765
38.4105882352941
27.5588235294118
38.9058823529412
16.9629411764706
27.1382352941176
29.5455882352941
35.3535294117647
33.1135294117647
30.0952941176471
29.5288235294118
29.5988235294118
25.7776470588235
26.1411764705882
39.2188235294118
31.5126470588235
32.4364705882353
26.9623529411765
26.7111764705882
28.5817647058824
36.3864705882353
27.0329411764706
23.1261764705882
32.3738235294118
30.7685294117647
25.1547058823529
37.6455882352941
28.81
22.0141176470588
18.8985294117647
19.5747058823529
33.5314705882353
30.6511764705882
28.2664705882353
34.9688235294118
25.0726470588235
37.3497058823529
30.1402941176471
32.2205882352941
33.8732352941176
30.5791176470588
33.0035294117647
28.7182352941176
25.3579411764706
28.0841176470588
25.2182352941176
27.9517647058824
34.7697058823529
38.4029411764706
28.3673529411765
21.0102941176471
39.095
26.3370588235294
29.6876470588235
38.2855882352941
31.9135294117647
30.0679411764706
33.6561764705882
28.5935294117647
30.7917647058824
32.2629411764706
30.5355882352941
34.6958823529412
31.6261764705882
44.1979411764706
27.1808823529412
23.0867647058824
26.1844117647059
24.2108823529412
21.8885294117647
24.0055882352941
45.5441176470588
26.2085294117647
28.6141176470588
36.1879411764706
39.975
38.8314705882353
21.9288235294118
20.9761764705882
29.9376470588235
39.8179411764706
28.5835294117647
24.595
35.1217647058824
37.99
28.3673529411765
20.6582352941176
21.1594117647059
19.9344117647059
23.1961764705882
32.695
17.6944117647059
21.0788235294118
29.3088235294118
33.7270588235294
27.7129411764706
32.0788235294118
27.2370588235294
37.1302941176471
41.9576470588235
38.8011764705882
29.4938235294118
28.4685294117647
20.3455882352941
33.8808823529412
31.665
28.9058823529412
23.5108823529412
28.7573529411765
30.8767647058824
20.8720588235294
25.3529411764706
30.9582352941176
31.1317647058824
22.4885294117647
29.4726470588235
21.4914705882353
29.325
26.4882352941176
24.3576470588235
27.4917647058824
32.4976470588235
30.9297058823529
43.455
27.3220588235294
22.9123529411765
33.9594117647059
29.7520588235294
35.6758823529412
30.1423529411765
26.5638235294118
31.6438235294118
25.6694117647059
36.1285294117647
21.9044117647059
40.7967647058824
31.9505882352941
30.3179411764706
26.9808823529412
35.5458823529412
24.1094117647059
28.5723529411765
34.4811764705882
32.1617647058824
25.3873529411765
39.04
30.7008823529412
32.3241176470588
25.8023529411765
23.405
23.0147058823529
20.6064705882353
25.6738235294118
21.7367647058824
24.6823529411765
24.4782352941176
29.2347058823529
27.4747058823529
33.4258823529412
26.9141176470588
24.1526470588235
31.4038235294118
36.7647058823529
30.8467647058824
36.5670588235294
33.3920588235294
40.6682352941177
24.1232352941176
27.6044117647059
31.6664705882353
28.4879411764706
22.8723529411765
25.4664705882353
26.9217647058824
19.825
28.0535294117647
24.4635294117647
24.0261764705882
27.3111764705882
19
27.8826470588235
28.2964705882353
30.0805882352941
25.4141176470588
25.8791176470588
24.7085294117647
26.1852941176471
30.3038235294118
32.0294117647059
25.5155882352941
25.2567647058824
39.2144117647059
30.1002941176471
32.665
22.5455882352941
26.6820588235294
22.0070588235294
23.6405882352941
34.9058823529412
30.4497058823529
19.8835294117647
26.5682352941176
28.9223529411765
28.0911764705882
29.3120588235294
37.5264705882353
26.5794117647059
29.4885294117647
34.1879411764706
29.9382352941176
24.4332352941176
32.1205882352941
30.0488235294118
30.8111764705882
36.6191176470588
32.7852941176471
24.7579411764706
31.1923529411765
25.5311764705882
28.2111764705882
24.125
24.2326470588235
30.4255882352941
33.7538235294118
32.1767647058824
27.0817647058824
34.7694117647059
28.0376470588235
44.3770588235294
29.9261764705882
29.1888235294118
33.4135294117647
28.6267647058824
33.7605882352941
33.3988235294118
25.9141176470588
32.1744117647059
24.2288235294118
30.11
29.1602941176471
35.4285294117647
38.0023529411765
16.7082352941176
33.0658823529412
27.3238235294118
31.8073529411765
31.6544117647059
25.5555882352941
27.8820588235294
32.3991176470588
27.3444117647059
35.0773529411765
33.6320588235294
37.9282352941176
21.1302941176471
29.025
32.3011764705882
28.2052941176471
35.1352941176471
29.8355882352941
26.6235294117647
36.0723529411765
31.3508823529412
32.4523529411765
31.0547058823529
19.6544117647059
21.9876470588235
29.4947058823529
27.2691176470588
30.1741176470588
41.8676470588235
37.5032352941176
46.7873529411765
34.8167647058824
23.9438235294118
25.67
24.035
24.4714705882353
25.9526470588235
30.7358823529412
35.7905882352941
29.8679411764706
34.2944117647059
34.625
29.4602941176471
29.9291176470588
33.1764705882353
32.7058823529412
28.5997058823529
35.6838235294118
29.0147058823529
39.6114705882353
24.3973529411765
33.6214705882353
25.4926470588235
30.9173529411765
34.6426470588235
28.9879411764706
31.8064705882353
34.4188235294118
28.0994117647059
23.8952941176471
29.7020588235294
18.8038235294118
24.3464705882353
26.445
27.2288235294118
30.6270588235294
28.2002941176471
26.045
29.9161764705882
23.8417647058824
23.5879411764706
27.6573529411765
29.1355882352941
27.5185294117647
24.7623529411765
40.5761764705882
34.2097058823529
22.2032352941176
29.3414705882353
27.9641176470588
31.77
25.5391176470588
19.965
21.6479411764706
38.3997058823529
33.3229411764706
32.2932352941176
26.0923529411765
23.1288235294118
24.9094117647059
23.7688235294118
33.8635294117647
27.6388235294118
24.6282352941176
23.8488235294118
34.5061764705882
25.1047058823529
30.1532352941176
19.9976470588235
35.0223529411765
27.6464705882353
30.7488235294118
38.6544117647059
24.5126470588235
27.2385294117647
34.7038235294118
28.7697058823529
33.8302941176471
29.7323529411765
33.1261764705882
24.1385294117647
18.5644117647059
22.9917647058824
27.3479411764706
25.5173529411765
24.5114705882353
41.7217647058824
26.9111764705882
32.8255882352941
26.5138235294118
28.1697058823529
28.5741176470588
27.0267647058824
28.2497058823529
37.8338235294118
30.4508823529412
24.3638235294118
40.1894117647059
26.7261764705882
24.9258823529412
36.7891176470588
24.8861764705882
26.9914705882353
39.7902941176471
34.2202941176471
35.585
34.2135294117647
33.9973529411765
29.5482352941176
25.1105882352941
31.7932352941176
42.7685294117647
33.9811764705882
34.3426470588235
30
20.3382352941176
33.205
28.9326470588235
23.7223529411765
29.8688235294118
31.4923529411765
32.4444117647059
27.9629411764706
36.8717647058824
26.9188235294118
31.1761764705882
37.7064705882353
34.3667647058824
25.6502941176471
27.9605882352941
33.2323529411765
27.5182352941176
21.4302941176471
42.0432352941176
34.7785294117647
27.17
24.5314705882353
35.2444117647059
27.4347058823529
26.4332352941176
35.7138235294118
31.5708823529412
29.0397058823529
30.5408823529412
33.0576470588235
43.7870588235294
35.195
20.6664705882353
25.3205882352941
27.6914705882353
19.1123529411765
31.5261764705882
30.7694117647059
35.1829411764706
34.4941176470588
30.9670588235294
35.1402941176471
39.0176470588235
28.675
32.0135294117647
27.3641176470588
31.3835294117647
31.4467647058824
18.0714705882353
23.7014705882353
27.3417647058824
24.5670588235294
18.3682352941176
32.7641176470588
19.8802941176471
32.0561764705882
25.025
29.2711764705882
29.88
26.8526470588235
23.0988235294118
32.4285294117647
26.7055882352941
33.6988235294118
34.4070588235294
26.0929411764706
20.0232352941176
38.6688235294118
32.4997058823529
32.0411764705882
41.6038235294118
25.1729411764706
29.4297058823529
36.9002941176471
25.6482352941176
29.3838235294118
31.0202941176471
25.9055882352941
32.0317647058824
35.7447058823529
37.9770588235294
27.3447058823529
31.3564705882353
43.0505882352941
34.4905882352941
23.6920588235294
35.5641176470588
24.7847058823529
19.8361764705882
28.7123529411765
23.6682352941176
33.2135294117647
29.7938235294118
40.4811764705882
29.8929411764706
33.2767647058823
32.3123529411765
26.7520588235294
24.9776470588235
26.6520588235294
21.0820588235294
35.7517647058824
42.8947058823529
25.4929411764706
29.2058823529412
42.1026470588235
37.1188235294118
40.9176470588235
27.3288235294118
30.6176470588235
21.6655882352941
25.8885294117647
23.5038235294118
23.2591176470588
35.4241176470588
40.655
35.6820588235294
27.9597058823529
25.2111764705882
27.1720588235294
20.1179411764706
27.1532352941176
30.9114705882353
25.5394117647059
25.8044117647059
26.4038235294118
37.9858823529412
23.0344117647059
29.4958823529412
21.0561764705882
24.4426470588235
20.7679411764706
26.5391176470588
27.085
28.3914705882353
30.2661764705882
22.1267647058824
22.4576470588235
22.0820588235294
45.0920588235294
20.7876470588235
29.7194117647059
32.3705882352941
19.6882352941176
21.0944117647059
20.4652941176471
36.3344117647059
43.6173529411765
26.6264705882353
45.3832352941176
29.8073529411765
27.4941176470588
38.7158823529412
37.6026470588235
31.5679411764706
31.7014705882353
27.1158823529412
22.8817647058824
22.2273529411765
29.5182352941176
38.8473529411765
27.2858823529412
33.8867647058823
29.5570588235294
27.6402941176471
19.7726470588235
30.6197058823529
34.3902941176471
39.5044117647059
36.5923529411765
20.14
25.9423529411765
35.6488235294118
29.3705882352941
28.5788235294118
29.0817647058824
21.4767647058824
33.9464705882353
37.3367647058824
32.0632352941176
33.6532352941176
19.6132352941176
25.0752941176471
41.8164705882353
29.1873529411765
26.3197058823529
15.0670588235294
19.5805882352941
19.2538235294118
25.3694117647059
27.0341176470588
26.9502941176471
23.0461764705882
39.0085294117647
15.0991176470588
25.1544117647059
29.1947058823529
31.6917647058824
31.8208823529412
31.5338235294118
30.7926470588235
28.6964705882353
36.8535294117647
35.2082352941176
35.0202941176471
34.3276470588235
44.7347058823529
22.8885294117647
48.0467647058824
24.9758823529412
29.2226470588235
23.0379411764706
37.4326470588235
30.2797058823529
26.1861764705882
37.19
22.3923529411765
32.3482352941177
22.1641176470588
22.0935294117647
18.5911764705882
21.6197058823529
23.32
32.7632352941176
26.8385294117647
27.9455882352941
31.5035294117647
25.4361764705882
37.5847058823529
34.0164705882353
21.4344117647059
25.0629411764706
27.7685294117647
31.2555882352941
34.5402941176471
34.2608823529412
20.3452941176471
23.3744117647059
19.2679411764706
32.2658823529412
27.0726470588235
32.0126470588235
38.7817647058824
32.6211764705882
20.6152941176471
37.5347058823529
25.4214705882353
30.1032352941176
30.1314705882353
27.0058823529412
23.0241176470588
29.9888235294118
32.9688235294118
26.8155882352941
31.6797058823529
29.8344117647059
30.7355882352941
36.0641176470588
21.6988235294118
30.3838235294118
33.6
20.9482352941176
29.7029411764706
24.0014705882353
29.8264705882353
23.9632352941176
31.71
24.5905882352941
36.0585294117647
25.3214705882353
25.6167647058824
33.2602941176471
24.7617647058824
34.3444117647059
33.7476470588235
18.7217647058824
35.0597058823529
22.2482352941176
28.1544117647059
25.1485294117647
38.2167647058824
28.6952941176471
28.5920588235294
26.7591176470588
36.6047058823529
40.6261764705882
25.2567647058824
27.5805882352941
32.605
21.825
41.5026470588235
39.1944117647059
25.4852941176471
36.5782352941176
22.8461764705882
29.8108823529412
38.6802941176471
26.4270588235294
44.4682352941176
22.6264705882353
27.8388235294118
32.575
19.5376470588235
17.63
31.3329411764706
32.6673529411765
32.0488235294118
33.5844117647059
28.3702941176471
38.2382352941176
20.9002941176471
22.6185294117647
16.9826470588235
26.4017647058824
37.7188235294118
27.5282352941176
25.2255882352941
18.7388235294118
25.8270588235294
29.6482352941176
24.9532352941176
29.5367647058824
32.0270588235294
24.0258823529412
32.9191176470588
25.5388235294118
27.3823529411765
32.9685294117647
31.8585294117647
27.8479411764706
25.3955882352941
28.4973529411765
29.9258823529412
25.3341176470588
22.0002941176471
22.3702941176471
27.1502941176471
28.1094117647059
25.2823529411765
33.3067647058824
44.9823529411765
27.3729411764706
26.4602941176471
25.4197058823529
27.3505882352941
25.145
29.4573529411765
25.4370588235294
23.9555882352941
26.7673529411765
36.54
17.3623529411765
23.865
23.1338235294118
23.9032352941176
37.8752941176471
20.5282352941176
29.9170588235294
15.4282352941176
37.6538235294118
31.5302941176471
35.6344117647059
27.7714705882353
22.6376470588235
29.6008823529412
30.6361764705882
37.2482352941176
21.0814705882353
23.1935294117647
27.7520588235294
31.28
25.7838235294118
25.1088235294118
43.5297058823529
31.5664705882353
26.2191176470588
36.695
28.105
30.7947058823529
31.2891176470588
28.1067647058824
22.5655882352941
29.8579411764706
21.7220588235294
31.585
27.4997058823529
39.3038235294118
27.685
30.8047058823529
29.5511764705882
23.9494117647059
39.3282352941176
24.8373529411765
32.0997058823529
35.2744117647059
32.9394117647059
31.5964705882353
22.6517647058824
34.1247058823529
32.8988235294118
43.6294117647059
38.5758823529412
32.4547058823529
23.4538235294118
31.9979411764706
38.4814705882353
23.4555882352941
42.8894117647059
33.4561764705882
27.5185294117647
33.1197058823529
27.9105882352941
27.2176470588235
29.4902941176471
22.6664705882353
38.1573529411765
31.4214705882353
22.7623529411765
32.4302941176471
30.1894117647059
31.6420588235294
39.1326470588235
28.7097058823529
35.5826470588235
35.9947058823529
27.3738235294118
21.4170588235294
28.4729411764706
25.4564705882353
27.5032352941176
32.3111764705882
32.0876470588235
29.9252941176471
20.4688235294118
14.1702941176471
23.0020588235294
24.92
29.5467647058824
32.8752941176471
26.9738235294118
34.7461764705882
33.6170588235294
35.05
27.1847058823529
28.3014705882353
23.9735294117647
31.2497058823529
28.7488235294118
22.9614705882353
27.5320588235294
23.5202941176471
34.2841176470588
27.4008823529412
34.0402941176471
28.3064705882353
37.8173529411765
26.245
33.9279411764706
31.2505882352941
24.2044117647059
29.1420588235294
36.5726470588235
29.7485294117647
32.85
33.4941176470588
32.8623529411765
25.6123529411765
26.6488235294118
21.8764705882353
25.7105882352941
27.2058823529412
37.9458823529412
19.5114705882353
28.08
29.4417647058824
27.6902941176471
25.2652941176471
24.8064705882353
29.2855882352941
32.4564705882353
22.955
27.0429411764706
25.0997058823529
22.1082352941176
34.6770588235294
24.6873529411765
32.5608823529412
21.2738235294118
37.9420588235294
35.9997058823529
28.5694117647059
33.6929411764706
21.5841176470588
27.4044117647059
33.4317647058824
27.8608823529412
28.0114705882353
21.1552941176471
31.3114705882353
39.9029411764706
19.6352941176471
32.4267647058824
34.3738235294118
29.7458823529412
23.7444117647059
35.9314705882353
22.7008823529412
30.3320588235294
29.3473529411765
22.4361764705882
33.1164705882353
32.0573529411765
27.7908823529412
30.7329411764706
31.6141176470588
24.2867647058824
23.855
32.7308823529412
28.1526470588235
33.9832352941176
31.4808823529412
30.9461764705882
42.4032352941176
35.4776470588235
32.6720588235294
28.8779411764706
29.9732352941176
25.3967647058824
25.0452941176471
23.7061764705882
26.9320588235294
27.7067647058824
30.8732352941176
31.5355882352941
36.4297058823529
34.5029411764706
26.3347058823529
31.1964705882353
20.1620588235294
34.1935294117647
17.7064705882353
28.3161764705882
32.5120588235294
29.2397058823529
22.5085294117647
25.0811764705882
36.5552941176471
37.3664705882353
38.4076470588235
31.9102941176471
31.365
33.8955882352941
33.5832352941176
38.6376470588235
24.3444117647059
33.0997058823529
26.9805882352941
33.8805882352941
34.8397058823529
31.0161764705882
33.1538235294118
26.6055882352941
25.5561764705882
36.4708823529412
34.2705882352941
35.9941176470588
27.4217647058824
28.2455882352941
28.9105882352941
40.9835294117647
31.0879411764706
33.8852941176471
33.65
29.1767647058824
26.4432352941176
24.1782352941176
32.1005882352941
19.5561764705882
22.1802941176471
26.5652941176471
36.5035294117647
21.5702941176471
33.7679411764706
36.1558823529412
26.5111764705882
39.1741176470588
29.8105882352941
33.0161764705882
28.2038235294118
27.7620588235294
32.3241176470588
35.0891176470588
33.8052941176471
30.1185294117647
27.7376470588235
21.9605882352941
25.0979411764706
23.0876470588235
27.4791176470588
24.3114705882353
27.8570588235294
31.1214705882353
24.1211764705882
30.1976470588235
38.12
24.3085294117647
27.3494117647059
22.3361764705882
32.7561764705882
38.2267647058824
42.6302941176471
32.0367647058824
32.9388235294118
33.7079411764706
16.7761764705882
29.04
28.4364705882353
32.4367647058824
40.6161764705882
20.1332352941176
21.9879411764706
37.7070588235294
29.4232352941176
28.8352941176471
35.3294117647059
46.0761764705882
30.3202941176471
27.0702941176471
28.7594117647059
27.1235294117647
30.0108823529412
31.4867647058824
32.7647058823529
33.9302941176471
33.5085294117647
47.8794117647059
33.7088235294118
24.5702941176471
24.3191176470588
36.2032352941176
27.3526470588235
28.6473529411765
32.6002941176471
27.3994117647059
26.1258823529412
25.8711764705882
26.6511764705882
28.7335294117647
36.1044117647059
37.5911764705882
12.5235294117647
31.8988235294118
21.5385294117647
19.0420588235294
33.4561764705882
31.4376470588235
25.8947058823529
34.7647058823529
32.4191176470588
37.2544117647059
15.7
20.8338235294118
42.6326470588235
29.3844117647059
30.5861764705882
35.4752941176471
41.5644117647059
30.5126470588235
30.8085294117647
38.1379411764706
30.0582352941176
25.2608823529412
25.2938235294118
34.7829411764706
39.5241176470588
25.0558823529412
29.925
21.9135294117647
22.7038235294118
20.0647058823529
19.4188235294118
30.0752941176471
23.3608823529412
27.8441176470588
29.4808823529412
28.005
21.2611764705882
36.3635294117647
28.2635294117647
28.2973529411765
23.2232352941176
27.4308823529412
37.22
28.6944117647059
29.7929411764706
25.1482352941176
25.5126470588235
39.8547058823529
30.8491176470588
34.8597058823529
25.0626470588235
28.9376470588235
32.7864705882353
36.1517647058823
34.3276470588235
20.3352941176471
22.6779411764706
32.3661764705882
25.4541176470588
33.2141176470588
21.8941176470588
28.9088235294118
21.1211764705882
34.3105882352941
22.3326470588235
41.9567647058823
27.4997058823529
25.2161764705882
22.3779411764706
30.6947058823529
31.4447058823529
31.2955882352941
28.8876470588235
32.2967647058824
31.6538235294118
38.8120588235294
31.4211764705882
21.1767647058824
29.9485294117647
39.8955882352941
27.8982352941176
38.3673529411765
25.5873529411765
24.8567647058824
22.0961764705882
33.2414705882353
22.7955882352941
35.3747058823529
31.7479411764706
21.4394117647059
35.6732352941176
35.8767647058824
28.5967647058824
17.3311764705882
31.5476470588235
25.4247058823529
25.6047058823529
30.1185294117647
29.8517647058824
41.0014705882353
22.5497058823529
34.4685294117647
39.5726470588235
27.345
31.1688235294118
27.2273529411765
26.3158823529412
34.1397058823529
23.3167647058824
33.1085294117647
38.6091176470588
33.4191176470588
30.1673529411765
25.1485294117647
26.3585294117647
29.1488235294118
22.8073529411765
36.9979411764706
33.5594117647059
29.5844117647059
32.6341176470588
29.1841176470588
29.4702941176471
33.0979411764706
38.5870588235294
35.3467647058824
28.8573529411765
28.7391176470588
31.1405882352941
20.3241176470588
27.1667647058824
23.835
24.8538235294118
28.7135294117647
31.4632352941176
30.1444117647059
31.5441176470588
33.4811764705882
31.18
32.3088235294118
27.4144117647059
24.4326470588235
37.4467647058824
35.8655882352941
34.4282352941176
31.9041176470588
22.9232352941176
34.4911764705882
23.2132352941176
35.8617647058824
28.8394117647059
33.4805882352941
32.8667647058824
42.7535294117647
35.9447058823529
22.0423529411765
37.7517647058824
26.6741176470588
31.9364705882353
37.4502941176471
24.8808823529412
30.4261764705882
24.2867647058824
19.0952941176471
32.1408823529412
34.9426470588235
25.5497058823529
33.0347058823529
41.2188235294118
29.5867647058824
31.2988235294118
39.9102941176471
39.6894117647059
30.8532352941176
27.0052941176471
35.4838235294118
31.9394117647059
35.4694117647059
20.4711764705882
25.2811764705882
36.4655882352941
24.8426470588235
34.6638235294118
27.1335294117647
28.2102941176471
33.6573529411765
37.46
27.0073529411765
31.2
33.9944117647059
24.4032352941176
18.5047058823529
24.9320588235294
36.085
29.7223529411765
30.7032352941176
22.1205882352941
31.6529411764706
27.7864705882353
24.9164705882353
17.2614705882353
33.255
27.3017647058824
34.0088235294118
28.1605882352941
34.0717647058824
26.9582352941176
38.9861764705882
29.0361764705882
35.4944117647059
40.7023529411765
27.6585294117647
33.0511764705882
20.2438235294118
29.7776470588235
40.1805882352941
33.1217647058824
42.7847058823529
33.7511764705882
38.5952941176471
30.3208823529412
27.3997058823529
37.2397058823529
33.8038235294118
34.1252941176471
29.1985294117647
24.3502941176471
24.5764705882353
21.9967647058824
28.82
34.5426470588235
37.0194117647059
36.6423529411765
28.5058823529412
26.7223529411765
38.5932352941176
26.2747058823529
27.2920588235294
40.2844117647059
26.0532352941176
22.5011764705882
32.2526470588235
37.4388235294118
32.9173529411765
41.7608823529412
23.2632352941176
28.2797058823529
28.7529411764706
21.9508823529412
32.1179411764706
31.8
27.5864705882353
29.2717647058824
24.8055882352941
29.5091176470588
24.2608823529412
23.8708823529412
33.3970588235294
27.5273529411765
22.2088235294118
18.2691176470588
26.6117647058824
26.2744117647059
34.8170588235294
30.4288235294118
28.8432352941176
29.8485294117647
30.7908823529412
34.8432352941176
39.5052941176471
32.1294117647059
28.68
27.2582352941176
29.4470588235294
34.2841176470588
29.7723529411765
33.4385294117647
32.9229411764706
30.4252941176471
25.8808823529412
35.2232352941177
30.1529411764706
30.6264705882353
29.9088235294118
26.5017647058824
28.5902941176471
31.6258823529412
29.6617647058824
20.4602941176471
30.96
29.8794117647059
38.2529411764706
31.1882352941176
34.4094117647059
16.5026470588235
37.9514705882353
31.0097058823529
26.1288235294118
23.1585294117647
22.4964705882353
34.6894117647059
21.5194117647059
29.3632352941176
23.0382352941176
36.9494117647059
32.4020588235294
28.9958823529412
38.5829411764706
25.1702941176471
35.2023529411765
30.5594117647059
26.3011764705882
35.3058823529412
35.4464705882353
32.8632352941176
28.0358823529412
30.8635294117647
27.73
29.4544117647059
19.9420588235294
30.8279411764706
31.2017647058824
29.52
30.5435294117647
25.1114705882353
18.3914705882353
28.4770588235294
30.0611764705882
25.205
24.2385294117647
28.1423529411765
22.0367647058824
17.7570588235294
25.0676470588235
27.4132352941176
35.6179411764706
22.2282352941176
33.6826470588235
25.6838235294118
31.9664705882353
32.2438235294118
31.6138235294118
25.4302941176471
24.0661764705882
25.9332352941176
30.9520588235294
21.2888235294118
34.7764705882353
32.1623529411765
25.315
18.9270588235294
35.6611764705882
28.2976470588235
18.6938235294118
26.715
39.2385294117647
37.4308823529412
35.1694117647059
28.4879411764706
46.2094117647059
31.9673529411765
32.1305882352941
27.0364705882353
35.3482352941177
29.3341176470588
35.1632352941176
27.8282352941176
25.9588235294118
35.7055882352941
27.6188235294118
29.8032352941176
24.2941176470588
29.2429411764706
33.3861764705882
27.2855882352941
33.5770588235294
18.5423529411765
29.7676470588235
28.3779411764706
37.2991176470588
17.6079411764706
28.4891176470588
48.5367647058824
28.6514705882353
36.0205882352941
35.0044117647059
26.4052941176471
20.9002941176471
24.4541176470588
30.7320588235294
27.0944117647059
29.7429411764706
29.5308823529412
18.5744117647059
28.9735294117647
31.6214705882353
25.8223529411765
33.4908823529412
27.8508823529412
28.2794117647059
28.1814705882353
21.5791176470588
39.9923529411765
38.3517647058824
22.2079411764706
23.3094117647059
27.9429411764706
31.9973529411765
35.2367647058824
18.7238235294118
23.62
27.8855882352941
32.2061764705882
35.9158823529412
23.7802941176471
39.1605882352941
28.1747058823529
26.5097058823529
28.4626470588235
21.0797058823529
20.5682352941176
25.1452941176471
24.2985294117647
37.7229411764706
41.2938235294118
21.2247058823529
26.8923529411765
25.9161764705882
25.3105882352941
30.0835294117647
24.0852941176471
26.9997058823529
28.3264705882353
27.1
23.7
26.9864705882353
24.8470588235294
23.6570588235294
31.7094117647059
30.6976470588235
37.07
33.53
24.0426470588235
31.3185294117647
24.4594117647059
34.3770588235294
30.8770588235294
34.3467647058824
25.9555882352941
29.9144117647059
22.3873529411765
27.4291176470588
25.2152941176471
30.9808823529412
36.9335294117647
37.9788235294118
38.2173529411765
30.6317647058824
36.4591176470588
18.8870588235294
48.52
30.2805882352941
27.3429411764706
32.2217647058824
29.9455882352941
33.7705882352941
32.5358823529412
21.6729411764706
28.3761764705882
34.8647058823529
32.8447058823529
29.6305882352941
29.015
38.1891176470588
29.615
31.3008823529412
22.2426470588235
18.2347058823529
35.83
23.7044117647059
31.9667647058824
20.0870588235294
23.9041176470588
32.5761764705882
35.245
27.5105882352941
26.3382352941176
34.8870588235294
16.5811764705882
34.1702941176471
26.9620588235294
26.2408823529412
32.2438235294118
26.9138235294118
35.9102941176471
29.6405882352941
29.435
24.4526470588235
24.2847058823529
15.8288235294118
31.7064705882353
25.1102941176471
25.0561764705882
30.1167647058824
22.5161764705882
27.4576470588235
34.1688235294118
27.9185294117647
39.35
36.5373529411765
24.17
39.2323529411765
33.1988235294118
28.8758823529412
26.4820588235294
32.1044117647059
14.8773529411765
23.1923529411765
36.7902941176471
21.5217647058824
24.4147058823529
31.9558823529412
33.2764705882353
32.1044117647059
22.0220588235294
26.8423529411765
24.9985294117647
41.3276470588235
25.7091176470588
27.3135294117647
28.3144117647059
26.4097058823529
34.7985294117647
30.7373529411765
30.4920588235294
21.5205882352941
31.8985294117647
25.9205882352941
30.6676470588235
25.6761764705882
35.2111764705882
28.2673529411765
25.9661764705882
36.3523529411765
29.1682352941176
26.645
42.2708823529412
20.0479411764706
21.9494117647059
28.0973529411765
35.4747058823529
18.4429411764706
33.4167647058824
33.2647058823529
34.6744117647059
21.7105882352941
27.0873529411765
31.8520588235294
37.2935294117647
30.6326470588235
33.47
35.3076470588235
31.7902941176471
27.5297058823529
31.0841176470588
32.5602941176471
28.1161764705882
35.7770588235294
40.4232352941176
28.8852941176471
24.6205882352941
31.9214705882353
36.5785294117647
24.8670588235294
26.3861764705882
29.5576470588235
18.7494117647059
24.1297058823529
31.4088235294118
23.6435294117647
33.8847058823529
36.7488235294118
37.1308823529412
22.3120588235294
28.7597058823529
37.4535294117647
23.2667647058824
16.3173529411765
27.6317647058824
38.4714705882353
26.9817647058824
31.9282352941176
15.6435294117647
39.5323529411765
29.4782352941176
26.6467647058824
18.6397058823529
27.5370588235294
25.7523529411765
26.3908823529412
22.7441176470588
34.4979411764706
33.8185294117647
27.7297058823529
36.3029411764706
38.4588235294118
30.5888235294118
32.7070588235294
23.4832352941176
26.8755882352941
29.2991176470588
34.3429411764706
43.755
32.1079411764706
30.1773529411765
22.2441176470588
31.2573529411765
31.2291176470588
41.1491176470588
31.5594117647059
25.5432352941176
26.9426470588235
29.4817647058824
24.1976470588235
18.9467647058824
32.975
28.3685294117647
26.0261764705882
23.8894117647059
26.1538235294118
35.1514705882353
39.2364705882353
20.9391176470588
36.9520588235294
25.7423529411765
45.2535294117647
27.5797058823529
37.5464705882353
35.5002941176471
25.0344117647059
31.4682352941176
36.3279411764706
40.6991176470588
14.0720588235294
25.5461764705882
31.8182352941176
24.7473529411765
27.8414705882353
24.2797058823529
31.0561764705882
21.8173529411765
29.6076470588235
30.2344117647059
28.0405882352941
29.0055882352941
28.9870588235294
30.0632352941176
35.5270588235294
27.7147058823529
30.5858823529412
29.2791176470588
21.4682352941176
31.5055882352941
37.3008823529412
27.9341176470588
31.9232352941176
25.41
33.9785294117647
21.3114705882353
30.5541176470588
31.3955882352941
28.7652941176471
36.2817647058824
31.2120588235294
29.1285294117647
24.8329411764706
30.2726470588235
30.5314705882353
23.4723529411765
23.9617647058824
18.555
24.0141176470588
35.4761764705882
23.4679411764706
18.1841176470588
28.3852941176471
27.0764705882353
43.1688235294118
36.6291176470588
34.9714705882353
33.7676470588235
24.3270588235294
30.1538235294118
39.5497058823529
14.8344117647059
27.2541176470588
20.0638235294118
29.7358823529412
32.4641176470588
33.8761764705882
26.5014705882353
22.7826470588235
39.4279411764706
34.1335294117647
30.1091176470588
32.91
17.1020588235294
27.3467647058824
31.5435294117647
26.8044117647059
35.2541176470588
24.8761764705882
32.16
30.6432352941176
36.0958823529412
21.9523529411765
30.6205882352941
34.0120588235294
35.3491176470588
29.0676470588235
32.0276470588235
33.3729411764706
26.2252941176471
46.2188235294118
22.4808823529412
28.8555882352941
26.0723529411765
24.6179411764706
38.7402941176471
24.8761764705882
26.1302941176471
26.5176470588235
33.3655882352941
20.9055882352941
22.3829411764706
24.8497058823529
30.5794117647059
30.2785294117647
31.125
20.9167647058824
20.8285294117647
31.4855882352941
28.9685294117647
40.415
32.8514705882353
22.0738235294118
21.8670588235294
27.3855882352941
34.4679411764706
25.0455882352941
30.2814705882353
28.6144117647059
28.1670588235294
19.3711764705882
34.8720588235294
27.9764705882353
30.8029411764706
33.7252941176471
22.9864705882353
35.5847058823529
33.7238235294118
32.1255882352941
38.4570588235294
19.9826470588235
31.3358823529412
29.5079411764706
31.3829411764706
20.4582352941176
36.6520588235294
31.3811764705882
31.9423529411765
30.9582352941176
33.8682352941176
30.1726470588235
18.8297058823529
23.1776470588235
24.1076470588235
28.7529411764706
24.6597058823529
22.5858823529412
42.9147058823529
23.1782352941176
24.8405882352941
36.7932352941177
34.7864705882353
37.9347058823529
34.72
27.1202941176471
24.8420588235294
34.1405882352941
28.3764705882353
39.6067647058824
38.3235294117647
25.5761764705882
28.6161764705882
26.7097058823529
26.1870588235294
31.7397058823529
27.2270588235294
25.5467647058824
31.0011764705882
29.9955882352941
28.4708823529412
30.5794117647059
37.0844117647059
32.6144117647059
34.0061764705882
30.8132352941176
30.2270588235294
42.4002941176471
22.3191176470588
23.3197058823529
28.6497058823529
28.4335294117647
25.3008823529412
41.6876470588235
33.5955882352941
23.8552941176471
26.3735294117647
24.1397058823529
24.9170588235294
43.9811764705882
47.5655882352941
34.3494117647059
27.3038235294118
20.9223529411765
26.49
30.4670588235294
37.0994117647059
27.59
27.8476470588235
31.4126470588235
41.4608823529412
35.4561764705882
40.7126470588235
30.1744117647059
32.6670588235294
28.2861764705882
36.1323529411765
35.0120588235294
39.6502941176471
34.8841176470588
28.5214705882353
37.18
27.135
28.4514705882353
37.4952941176471
28.5752941176471
35.7373529411765
26.2185294117647
31.3308823529412
35.2847058823529
34.0194117647059
25.5135294117647
24.9941176470588
37.4335294117647
25.2705882352941
30.8726470588235
36.6858823529412
33.2194117647059
25.3338235294118
24.0229411764706
24.0717647058824
27.5623529411765
26.6861764705882
30.6326470588235
28.7117647058824
32.6502941176471
26.785
40.8967647058824
30.0844117647059
26.5479411764706
35.2982352941176
17.8994117647059
30.9611764705882
30.6558823529412
34.9070588235294
38.57
26.7341176470588
32.8167647058824
35.3873529411765
33.2376470588235
36.8635294117647
26.5038235294118
31.6344117647059
17.0938235294118
26.3182352941176
22.4952941176471
31.4797058823529
26.9055882352941
28.99
35.8041176470588
30.64
25.3388235294118
25.6929411764706
27.9082352941176
23.3452941176471
36.8785294117647
23.5161764705882
21.4694117647059
41.2679411764706
21.4197058823529
32.1632352941176
31.03
46.6432352941176
37.7008823529412
22.1855882352941
33.1829411764706
27.7923529411765
38.5920588235294
30.7782352941176
25.5435294117647
32.2914705882353
35.8923529411765
25.6161764705882
27.0811764705882
33.9908823529412
29.8941176470588
32.2473529411765
31.8005882352941
28.1720588235294
34.7755882352941
27.0626470588235
29.2852941176471
27.6767647058824
31.5147058823529
23.0988235294118
26.8179411764706
22.9873529411765
32.4244117647059
31.8555882352941
25.8582352941176
33.65
31.2867647058824
26.6985294117647
22.515
23.9476470588235
34.1708823529412
27.5517647058824
35.565
31.705
30.1344117647059
27.6129411764706
35.3517647058824
31.3576470588235
28.4020588235294
19.5041176470588
38.3638235294118
34.4141176470588
33.6614705882353
30.4894117647059
18.7964705882353
23.7817647058824
28.2652941176471
27.8779411764706
23.6702941176471
26.4655882352941
35.6902941176471
28.7223529411765
33.4117647058824
27.6161764705882
21.0602941176471
21.3494117647059
35.6235294117647
29.3544117647059
22.1758823529412
37.9982352941176
31.3758823529412
28.1505882352941
36.7852941176471
27.4826470588235
28.2479411764706
21.6064705882353
20.815
40.1802941176471
26.5014705882353
23.5182352941176
31.8820588235294
35.7132352941176
33.9694117647059
29.4344117647059
27.085
28.1558823529412
27.285
27.3455882352941
31.9488235294118
30.9414705882353
33.0679411764706
39.3411764705882
25.8855882352941
32.9338235294118
27.245
34.1532352941176
32.2397058823529
27.9282352941176
26.5205882352941
44.9011764705882
25.1747058823529
22.8852941176471
24.7488235294118
25.4220588235294
36.3544117647059
25.5811764705882
24.9641176470588
20.9238235294118
15.4197058823529
32.0805882352941
34.1123529411765
38.3447058823529
15.3705882352941
24.2732352941176
27.1573529411765
32.2976470588235
31.5476470588235
24.1397058823529
35.4488235294118
38.0252941176471
36.0185294117647
24.4502941176471
31.8726470588235
34.9958823529412
30.1467647058824
30.6611764705882
16.4638235294118
37.6847058823529
29.5473529411765
39.0476470588235
24.1108823529412
41.3608823529412
24.0982352941176
29.4717647058824
20.465
48.0902941176471
29.0435294117647
23.8617647058824
21.2732352941176
29.4085294117647
45.1855882352941
33.2476470588235
36.7367647058824
23.6032352941176
19.2170588235294
34.3955882352941
29.5873529411765
27.5344117647059
33.9785294117647
21.9541176470588
28.8891176470588
25.5608823529412
34.6244117647059
39.7673529411765
27.4164705882353
15.5508823529412
37.3608823529412
23.1326470588235
24.9917647058824
18.4208823529412
31.8561764705882
24.3164705882353
26.4708823529412
35.7164705882353
50.0158823529412
32.5282352941176
20.2555882352941
35.4723529411765
37.3664705882353
36.215
25.2594117647059
26.1038235294118
40.7497058823529
29.4967647058824
16.4273529411765
29.4458823529412
21.1664705882353
32.7655882352941
31.8326470588235
29.8276470588235
32.5455882352941
36.2005882352941
22.3758823529412
36.0535294117647
32.8791176470588
26.1717647058824
30.3985294117647
22.8964705882353
28.4908823529412
38.2982352941176
26.8826470588235
21.7523529411765
31.4582352941176
28.8302941176471
35.3338235294118
31.0011764705882
26.9397058823529
32.2238235294118
32.2882352941176
24.8023529411765
29.9067647058824
37.3744117647059
25.0926470588235
29.6817647058824
28.1870588235294
21.1032352941176
17.9544117647059
35.0847058823529
21.6785294117647
27.0217647058824
29.625
41.3797058823529
41.8291176470588
28.5417647058824
40.6614705882353
29.6394117647059
28.2458823529412
32.9717647058824
31.1138235294118
32.06
31.0752941176471
29.6332352941176
23.1314705882353
28.8597058823529
33.7791176470588
34.7255882352941
30.6167647058824
30.2352941176471
25.5291176470588
26.6473529411765
32.3447058823529
25.3470588235294
32.5364705882353
39.6064705882353
40.1497058823529
28.5044117647059
23.0582352941176
22.2617647058824
23.7544117647059
30.9679411764706
28.87
22.6776470588235
41.1120588235294
30.7894117647059
36.4602941176471
27.9785294117647
25.2167647058824
35.0305882352941
27.5061764705882
28.2861764705882
30.7082352941176
20.7279411764706
20.1235294117647
34.4558823529412
34.8635294117647
32.2794117647059
38.0832352941176
29.7408823529412
27.5564705882353
21.9444117647059
29.7844117647059
31.2070588235294
27.8447058823529
33.2976470588235
34.1394117647059
29.0117647058824
38.0891176470588
28.8035294117647
16.8867647058824
19.8294117647059
18.9955882352941
33.5614705882353
33.2802941176471
24.3526470588235
31.1905882352941
41.0002941176471
21.7832352941176
25.8920588235294
37.6770588235294
34.3614705882353
32.6567647058824
27.3152941176471
26.4547058823529
21.625
31.3120588235294
33.4594117647059
28.9
26.3917647058824
28.4191176470588
27.3802941176471
28.4285294117647
35.9382352941176
28.4129411764706
26.3494117647059
30.0094117647059
33.64
40.3717647058824
36.4623529411765
33.7994117647059
33.4082352941176
33.6479411764706
33.5070588235294
26.8005882352941
41.1058823529412
30.5605882352941
33.3435294117647
33.5285294117647
32.5388235294118
35.4802941176471
29.5494117647059
28.0655882352941
28.6573529411765
29.4091176470588
23.89
28.7476470588235
31.0547058823529
44.4629411764706
32.2588235294118
35.8232352941176
36.5397058823529
37.77
31.4014705882353
32.23
28.6873529411765
29.9632352941176
17.2311764705882
34.8502941176471
28.8667647058824
41.0726470588235
27.3502941176471
27.7570588235294
32.9691176470588
23.23
30.3064705882353
33.7582352941176
35.5241176470588
23.7532352941176
40.3676470588235
34.5467647058824
34.1120588235294
34.7697058823529
20.6802941176471
27.5279411764706
21.6188235294118
30.7020588235294
21.5120588235294
44.1182352941176
25.6738235294118
35.4370588235294
20.9402941176471
35.3794117647059
33.5214705882353
37.3894117647059
34.2673529411765
22.2735294117647
32.1861764705882
28.4570588235294
21.7705882352941
27.3964705882353
34.01
26.4811764705882
34.7655882352941
36.6888235294118
36.5426470588235
24.1647058823529
28.2414705882353
24.1114705882353
30.4979411764706
26.6641176470588
25.775
37.7164705882353
34.5526470588235
16.1205882352941
32.2805882352941
34.9194117647059
37.2235294117647
24.8055882352941
21.0879411764706
28.4620588235294
37.3691176470588
32.85
30.2761764705882
31.6441176470588
32.0182352941176
25.4738235294118
33.7126470588235
30.3723529411765
29.8517647058824
34.7767647058823
35.3164705882353
28.3217647058824
31.7226470588235
28.3935294117647
32.2076470588235
33.5391176470588
46.2488235294118
40.8294117647059
35.5732352941176
32.3902941176471
34.2605882352941
38.0864705882353
24.6785294117647
22.6102941176471
25.0811764705882
30.2164705882353
29.1917647058824
40.6455882352941
25.0714705882353
26.2276470588235
36.9073529411765
34.5676470588235
33.555
24.7008823529412
34.2897058823529
34.1258823529412
28.7567647058824
29.9511764705882
33.5944117647059
38.7414705882353
30.2305882352941
32.4920588235294
26.3294117647059
30.2961764705882
39.775
23.8438235294118
31.23
31.9247058823529
27.1852941176471
21.0832352941176
29.0235294117647
26.4397058823529
29.5505882352941
25.0808823529412
40.5576470588235
46.9464705882353
33.3941176470588
32.7397058823529
23.0473529411765
27.4226470588235
24.8261764705882
26.9017647058824
36.9226470588235
11.6867647058824
24.5705882352941
34.1694117647059
24.9552941176471
25.5144117647059
31.4426470588235
31.7582352941176
22.5008823529412
43.3144117647059
19.7497058823529
28.3961764705882
25.9126470588235
33.6855882352941
27.0805882352941
28.5432352941176
39.6820588235294
30.7611764705882
27.2091176470588
29.5991176470588
18.8797058823529
31.7620588235294
28.7691176470588
29.0455882352941
34.3747058823529
26.6791176470588
29.1152941176471
40.7261764705882
20.4697058823529
27.3558823529412
34.8305882352941
30.6167647058824
34.4141176470588
28.1176470588235
24.4617647058824
40.6914705882353
24.4938235294118
15.1111764705882
37.1223529411765
31.5129411764706
38.6767647058824
33.9226470588235
40.0188235294118
23.4876470588235
32.6817647058824
23.9252941176471
31.3347058823529
32.5297058823529
28.1891176470588
14.5867647058824
28.7608823529412
22.7911764705882
30.3435294117647
25.0764705882353
19.7891176470588
27.1938235294118
27.26
25.1735294117647
20.4397058823529
31.7052941176471
39.4920588235294
26.6961764705882
34.1941176470588
18.8952941176471
27.05
31.6811764705882
24.5694117647059
35.9823529411765
31.7002941176471
37.2555882352941
22.9744117647059
35.3497058823529
28.4858823529412
26.9314705882353
24.6335294117647
20.5623529411765
25.5805882352941
19.3467647058824
30.5444117647059
22.6308823529412
30.6379411764706
21.9320588235294
30.715
26.3867647058824
27.3997058823529
26.5929411764706
27.5367647058824
28.6585294117647
28.9314705882353
28.99
27.3661764705882
25.6932352941176
35.7608823529412
28.5882352941176
27.17
37.4011764705882
23.0938235294118
26.3470588235294
30.9844117647059
37.775
24.8291176470588
39.6529411764706
34.1382352941176
28.9811764705882
27.2202941176471
30.255
26.3588235294118
36.7873529411765
23.7482352941176
38.4208823529412
36.5326470588235
20.0994117647059
37.0011764705882
32.1132352941176
26.2661764705882
28.0179411764706
22.9676470588235
27.8302941176471
30.9073529411765
44.0020588235294
21.4755882352941
28.6197058823529
35.1782352941176
33.3085294117647
22.1873529411765
33.2932352941177
23.4988235294118
21.6138235294118
25.6576470588235
27.3161764705882
38.3867647058824
21.8932352941176
22.2638235294118
32.4085294117647
26.97
36.3597058823529
32.2644117647059
37.6782352941176
25.9864705882353
31.7364705882353
32.0258823529412
28.0367647058824
23.0511764705882
31.9211764705882
23.7108823529412
29.0138235294118
35.0861764705882
27.1288235294118
30.0708823529412
18.82
28.8520588235294
23.3691176470588
32.3073529411765
28.8067647058824
26.1758823529412
34.6197058823529
34.8705882352941
32.7497058823529
28.6082352941176
25.5205882352941
40.705
36.8494117647059
37.4873529411765
30.6776470588235
29.3488235294118
27.1082352941176
30.9326470588235
33.3179411764706
29.0452941176471
36.7667647058824
23.0961764705882
25.8526470588235
33.0391176470588
31.7923529411765
30.2670588235294
22.3314705882353
30.7720588235294
40.5523529411765
40.6908823529412
29.6220588235294
23.5547058823529
18.6682352941176
25.44
30.2329411764706
33.2355882352941
32.2208823529412
27.9402941176471
26.7679411764706
23.8364705882353
37.8205882352941
36.4152941176471
35.7247058823529
30.2417647058824
21.8752941176471
27.6602941176471
39.6232352941176
23.2388235294118
28.8508823529412
36.2370588235294
30.9467647058824
32.9673529411765
32.8676470588235
33.9626470588235
22.3635294117647
31.5382352941176
34.8305882352941
21.2511764705882
29.0038235294118
30.8114705882353
21.8108823529412
29.7585294117647
37.8402941176471
38.3970588235294
30.2070588235294
44.9817647058824
34.3070588235294
28.2561764705882
26.8214705882353
29.1135294117647
35.1429411764706
35.2667647058824
32.6061764705882
25.9679411764706
24.1938235294118
33.9197058823529
24.3708823529412
32.8444117647059
28.7129411764706
26.9811764705882
35.28
34.8282352941176
24.7747058823529
28.4129411764706
30.8552941176471
31.2264705882353
35.1547058823529
30.4832352941176
28.2888235294118
31.9797058823529
26.2082352941176
31.4888235294118
39.3723529411765
23.7673529411765
34.1738235294118
30.7041176470588
28.9508823529412
21.8941176470588
35.3432352941176
25.8647058823529
29.8141176470588
33.5232352941176
21.8979411764706
27.0797058823529
32.1635294117647
16.1620588235294
27.6385294117647
35.5708823529412
25.5911764705882
34.3
28.5070588235294
31.6655882352941
22.7782352941176
35.2994117647059
31.8888235294118
26.4132352941176
27.8470588235294
37.0297058823529
22.3438235294118
35.6876470588235
37.2823529411765
32.1314705882353
29.7491176470588
20.6282352941176
28.3470588235294
32.505
37.5435294117647
27.9982352941176
22.8082352941176
36.2205882352941
32.8911764705882
27.1070588235294
27.4355882352941
37.2652941176471
35.8294117647059
33.5691176470588
28.7308823529412
33.3932352941176
22.1920588235294
22.3364705882353
38.9414705882353
26.4164705882353
50.2217647058824
28.8605882352941
19.1076470588235
35.9935294117647
17.7829411764706
35.9470588235294
36.1941176470588
34.7391176470588
23.3147058823529
25.5285294117647
29.4655882352941
31.8952941176471
33.4605882352941
36.7458823529412
26.31
22.4917647058824
39.2685294117647
27.0373529411765
26.4535294117647
29.5105882352941
27.9538235294118
27.7244117647059
28.8320588235294
23.7761764705882
27.7508823529412
28.4791176470588
32.9111764705882
28.3620588235294
33.2585294117647
25.2544117647059
29.6188235294118
41.4002941176471
45.2382352941176
33.2858823529412
35.1752941176471
33.2411764705882
31.9570588235294
42.2361764705882
34.6129411764706
27.4220588235294
34.3170588235294
22.8270588235294
29.2452941176471
25.9441176470588
28.7441176470588
31.8432352941176
33.5623529411765
29.6976470588235
33.2638235294118
36.2729411764706
31.3332352941176
24.6117647058824
27.8020588235294
34.2211764705882
32.2514705882353
32.1920588235294
32.2605882352941
26.6311764705882
35.8955882352941
25.4111764705882
21.6720588235294
21.9932352941176
30.0220588235294
30.3561764705882
30.2117647058824
31.1502941176471
35.2985294117647
26.7802941176471
23.0944117647059
30.1652941176471
17.6723529411765
31.6555882352941
22.4861764705882
30.9285294117647
25.1370588235294
30.9329411764706
22.9055882352941
28.8491176470588
30.9970588235294
18.7035294117647
41.015
21.5582352941176
26.3214705882353
35.6376470588235
22.6311764705882
26.3241176470588
33.5511764705882
38.6632352941176
23.5461764705882
26.9917647058824
34.4726470588235
20.1467647058824
26.4014705882353
33.3455882352941
26.7773529411765
35.9055882352941
21.3041176470588
38.4923529411765
25.9032352941176
33.3811764705882
19.2994117647059
39.4876470588235
39.2358823529412
33.5552941176471
21.2641176470588
36.4852941176471
39.6158823529412
21.9726470588235
34.1141176470588
31.4041176470588
30.7214705882353
24.2917647058824
24.8535294117647
21.9438235294118
23.1397058823529
42.0367647058824
31.2467647058824
26.3235294117647
25.1505882352941
33.8705882352941
38.5773529411765
17.6897058823529
38.2938235294118
32.4376470588235
30.5814705882353
36.3708823529412
27.6894117647059
32.0902941176471
26.1235294117647
25.8314705882353
25.1479411764706
20.7014705882353
39.1867647058824
25.8923529411765
26.5744117647059
38.1988235294118
26.5547058823529
25.5402941176471
32.6970588235294
32.8258823529412
27.5232352941176
30.8726470588235
37.8467647058824
34.9705882352941
25.9382352941176
27.7708823529412
17.7267647058824
25.51
30.2202941176471
29.7208823529412
30.7076470588235
30.5994117647059
21.9470588235294
28.8347058823529
27.1897058823529
26.2982352941176
26.9547058823529
25.6664705882353
18.1885294117647
27.6726470588235
16.7729411764706
22.7652941176471
29.8320588235294
30.8614705882353
24.1811764705882
25.4614705882353
39.7714705882353
33.2597058823529
45.5058823529412
28.8661764705882
32.0882352941176
29.3120588235294
28.995
28.5664705882353
32.5744117647059
27.1126470588235
36.8376470588235
19.3188235294118
32.76
29.7420588235294
38.1394117647059
20.0232352941176
33.0073529411765
30.5644117647059
42.355
33.1579411764706
35.8752941176471
26.0870588235294
40.5826470588235
28.5058823529412
25.8808823529412
26.6279411764706
29.3279411764706
32.5041176470588
27.4091176470588
32.4379411764706
28.5094117647059
22.4714705882353
25.0555882352941
36.4291176470588
29.8552941176471
36.6320588235294
34.4679411764706
27.2358823529412
30.1882352941176
31.1355882352941
34.7120588235294
30.7329411764706
33.5335294117647
31.1579411764706
28.8102941176471
33.1652941176471
37.4170588235294
34.6967647058824
16.6367647058824
27.1252941176471
24.3202941176471
24.8273529411765
30.8167647058824
22.59
29.9908823529412
25.8285294117647
37.3926470588235
18.3735294117647
29.54
26.8776470588235
31.2067647058824
19.1191176470588
29.6167647058824
26.9758823529412
38.1773529411765
27.2276470588235
27.4044117647059
39.9232352941176
24.3402941176471
24.4302941176471
21.5123529411765
39.8738235294118
30.1241176470588
34.8111764705882
29.6605882352941
24.9994117647059
31.0529411764706
23.3417647058824
44.9294117647059
29.0061764705882
31.9179411764706
20.4108823529412
32.1173529411765
34.6491176470588
21.5623529411765
24.5108823529412
25.6582352941176
34.8314705882353
22.5767647058824
27.5294117647059
29.7502941176471
35.8864705882353
19.7267647058824
40.6014705882353
24.6144117647059
29.9788235294118
30.2723529411765
33.4873529411765
18.4579411764706
34.2429411764706
22.6982352941176
19.6294117647059
38.2811764705882
30.0608823529412
34.3608823529412
28.2958823529412
27.7152941176471
30.2679411764706
33.3155882352941
30.0814705882353
30.4658823529412
37.1352941176471
33.1741176470588
41.3832352941176
36.2070588235294
43.9585294117647
24.7458823529412
29.5008823529412
30.935
28.1120588235294
24.9885294117647
20.0452941176471
25.1602941176471
23.3988235294118
35.2385294117647
37.8897058823529
36.8647058823529
26.4876470588235
28.9320588235294
27.1094117647059
33.3226470588235
35.3811764705882
37.5205882352941
38.1194117647059
31.1955882352941
18.9011764705882
21.4105882352941
36.0555882352941
28.8085294117647
30.6844117647059
24.3782352941176
24.9444117647059
38.0352941176471
27.9176470588235
27.1535294117647
21.2658823529412
38.2620588235294
26.8464705882353
19.9517647058824
41.8376470588235
34.4055882352941
29.7579411764706
30.6235294117647
40.035
27.6752941176471
26.1741176470588
32.6758823529412
36.9814705882353
19.9464705882353
28.9311764705882
17.4182352941176
31.4920588235294
26.9273529411765
30.445
37.4414705882353
25.5855882352941
18.4576470588235
19.6208823529412
35.8355882352941
22.0302941176471
32.3285294117647
24.075
18.6173529411765
38.4755882352941
19.9282352941176
30.4705882352941
27.2608823529412
38.35
32.7605882352941
31.2891176470588
27.9729411764706
30.5444117647059
18.7073529411765
32.0644117647059
29.7541176470588
30.0261764705882
22.5976470588235
28.1088235294118
23.1982352941176
32.1764705882353
31.9414705882353
36.6544117647059
31.8102941176471
37.6861764705882
33.7932352941176
27.3420588235294
39.0467647058824
33.7988235294118
35.2297058823529
27.3841176470588
25.39
33.4508823529412
20.3582352941176
25.0414705882353
33.3797058823529
27.1391176470588
29.4391176470588
29.1697058823529
30.8844117647059
30.2702941176471
20.885
25.5988235294118
25.3658823529412
23.0535294117647
39.4147058823529
41.6541176470588
31.5635294117647
25.3658823529412
23.4988235294118
24.1711764705882
22.2158823529412
24.9932352941176
26.4567647058824
32.5726470588235
35.2741176470588
34.7676470588235
29.0405882352941
37.8629411764706
29.2988235294118
30.1038235294118
29.9970588235294
26.3967647058824
31.6620588235294
19.5017647058824
25.365
23.4985294117647
26.4679411764706
36.5105882352941
18.8873529411765
39.1414705882353
24.9747058823529
24.7873529411765
29.1958823529412
37.1729411764706
28.9782352941176
39.1835294117647
38.5032352941176
30.0508823529412
28.3220588235294
31.1252941176471
27.8129411764706
33.7576470588235
28.2138235294118
33.0617647058824
23.9782352941176
27.7588235294118
29.5017647058824
40.5135294117647
29.7597058823529
29.8591176470588
25.4232352941176
29.3202941176471
36.8976470588235
30.4202941176471
27.0908823529412
32.3302941176471
32.5682352941176
37.1026470588235
28.0144117647059
23.8
17.4961764705882
23.7067647058824
38.8776470588235
27.8561764705882
30.1673529411765
25.9982352941176
20.8044117647059
24.9435294117647
32.9470588235294
27.6858823529412
39.36
40.7091176470588
32.4926470588235
25.6229411764706
30.7688235294118
36.4205882352941
37.0879411764706
25.9305882352941
24.1235294117647
24.7108823529412
33.1855882352941
38.2555882352941
19.3252941176471
29.3226470588235
23.0438235294118
24.2364705882353
40.9697058823529
30.21
32.4464705882353
36.4767647058824
29.0123529411765
32.5720588235294
37.3502941176471
23.8652941176471
23.3655882352941
33.9726470588235
34.6591176470588
30.9408823529412
28.7023529411765
28.0817647058824
33.1935294117647
32.1870588235294
26.5820588235294
16.0135294117647
29.3158823529412
29.3644117647059
23.6779411764706
31.4897058823529
25.675
26.8720588235294
25.8823529411765
25.0276470588235
21.7585294117647
25.31
24.7952941176471
35.6314705882353
32.42
32.6329411764706
30.4073529411765
31.8182352941176
31.3952941176471
39.9476470588235
38.4441176470588
31.7008823529412
25.4852941176471
24.1026470588235
35.9461764705882
31.1129411764706
27.2123529411765
34.8370588235294
27.7052941176471
25.3776470588235
27.9376470588235
17.0691176470588
20.4938235294118
29.4185294117647
37.005
30.1588235294118
31.5567647058824
40.2379411764706
28.7770588235294
25.1023529411765
32.0338235294118
31.5408823529412
25.4711764705882
25.3897058823529
22.7323529411765
27.755
21.2126470588235
40.0482352941176
25.0155882352941
38.0673529411765
28.2473529411765
39.0555882352941
32.0173529411765
24.1541176470588
28.7761764705882
26.9061764705882
28.5970588235294
31.9623529411765
34.6076470588235
25.7885294117647
33.4664705882353
21.9344117647059
33.9491176470588
49.4229411764706
25.1582352941176
27.3679411764706
24.8158823529412
20.3388235294118
26.2367647058824
40.7344117647059
33.6055882352941
26.1711764705882
25.9741176470588
22.7767647058824
29.5085294117647
27.9729411764706
27.1376470588235
31.6897058823529
28.6167647058824
28.9523529411765
26.8008823529412
32.3708823529412
21.4226470588235
25.7702941176471
37.7602941176471
28.7920588235294
22.2641176470588
27.6826470588235
23.9714705882353
36.9294117647059
36.4076470588235
28.2338235294118
29.005
22.4161764705882
27.0720588235294
35.4261764705882
26.4638235294118
23.4897058823529
27.8976470588235
30.0744117647059
28.3985294117647
37.8317647058823
32.5402941176471
33.5167647058824
38.8370588235294
25.9514705882353
34.7779411764706
24.2541176470588
31.2520588235294
24.19
28.2764705882353
27.575
27.1955882352941
39.4135294117647
28.1661764705882
30.025
22.6088235294118
25.6185294117647
30.0585294117647
37.0141176470588
25.3679411764706
27.7682352941176
35.1029411764706
34.0652941176471
27.1802941176471
28.3420588235294
26.4067647058824
34.5532352941176
16.8108823529412
19.0602941176471
20.0338235294118
24.65
25.4388235294118
29.1652941176471
25.5076470588235
29.2570588235294
36.4664705882353
28.0155882352941
26.1826470588235
24.2758823529412
30.0347058823529
21.3017647058824
20.5823529411765
29.095
27.4905882352941
19.1914705882353
24.6532352941176
34.0520588235294
26.3047058823529
37.9635294117647
38.6914705882353
33.2808823529412
35.0947058823529
35.4552941176471
36.5867647058824
31.3123529411765
27.0944117647059
32.1923529411765
19.9520588235294
27.9314705882353
24.9655882352941
32.5041176470588
30.3870588235294
34.0308823529412
19.5873529411765
30.4826470588235
29.9667647058824
31.8076470588235
37.5461764705882
37.8044117647059
40.1488235294118
32.7355882352941
34.8014705882353
38.5555882352941
21.4794117647059
25.9276470588235
23.4620588235294
32.2835294117647
39.6891176470588
27.6023529411765
29.1311764705882
29.3091176470588
33.3979411764706
33.0788235294118
32.8752941176471
26.3244117647059
28.1291176470588
25.0235294117647
26.7808823529412
35.3941176470588
31.4720588235294
31.1082352941176
29.0655882352941
45.2382352941176
20.1505882352941
31.8288235294118
37.5176470588235
31.9229411764706
16.8217647058824
29.3926470588235
18.8458823529412
28.1702941176471
26.7591176470588
23.5023529411765
24.6505882352941
30.2517647058824
28.5102941176471
21.9320588235294
45.2767647058823
38.4055882352941
22.8941176470588
17.9235294117647
30.6161764705882
28.6694117647059
32.1685294117647
24.9426470588235
27.3511764705882
25.4261764705882
40.0532352941176
29.6647058823529
32.6111764705882
24.3605882352941
28.8858823529412
38.7870588235294
33.7585294117647
32.8129411764706
21.0738235294118
33.64
30.0485294117647
32.9611764705882
21.0858823529412
29.7385294117647
33.7238235294118
35.0302941176471
25.2011764705882
30.7061764705882
22.6232352941176
21.1
42.8252941176471
21.4767647058824
23.1797058823529
29.9797058823529
35.3411764705882
38.5102941176471
31.89
27.5970588235294
31.4602941176471
38.5629411764706
35.0511764705882
36.1711764705882
27.2644117647059
23.3373529411765
30.5547058823529
37.8814705882353
36.1417647058824
37.7547058823529
40.9129411764706
29.8755882352941
36.0141176470588
41.2564705882353
24.2111764705882
37.9964705882353
37.4138235294118
23.1502941176471
31.5702941176471
29.2588235294118
25.7158823529412
29.0402941176471
32.2791176470588
27.1529411764706
22.9567647058824
30.6970588235294
34.5514705882353
22.8438235294118
37.9702941176471
32.6032352941176
40.3097058823529
21.8308823529412
32.2558823529412
42.6547058823529
33.0555882352941
37.5694117647059
27.0014705882353
48.3441176470588
28.7952941176471
21.3376470588235
25.9805882352941
25.3011764705882
31.6997058823529
24.1711764705882
29.5188235294118
30.4141176470588
28.7297058823529
34.5085294117647
32.9926470588235
26.9838235294118
24.3385294117647
25.6173529411765
26.2041176470588
36.1608823529412
28.9461764705882
25.7320588235294
34.3258823529412
30.0070588235294
32.1288235294118
32.4861764705882
27.6367647058824
42.0726470588235
30.5738235294118
34.0120588235294
32.1620588235294
21.2632352941176
32.4435294117647
31.0429411764706
28.9135294117647
23.1717647058824
25.0114705882353
29.2844117647059
30.6547058823529
33.0608823529412
41.6258823529412
34.4547058823529
34.5173529411765
35.7961764705882
33.7985294117647
35.8405882352941
27.7117647058824
35.3385294117647
38.8517647058824
29.7138235294118
31.5547058823529
22.3208823529412
27.7470588235294
28.5438235294118
31.6391176470588
31.1864705882353
24.1494117647059
30.5123529411765
25.8720588235294
30.6432352941176
36.1529411764706
27.7741176470588
35.6923529411765
36.7091176470588
25.9155882352941
36.1585294117647
24.7532352941176
27.6026470588235
27.7097058823529
26.5220588235294
25.6858823529412
23.9608823529412
20.66
29.5588235294118
30.7073529411765
25.8902941176471
21.7444117647059
33.5491176470588
32.6647058823529
25.2264705882353
22.3158823529412
26.0320588235294
33.4402941176471
30.2691176470588
21.5797058823529
20.1661764705882
29.4658823529412
30.1029411764706
31.4041176470588
40.6955882352941
29.0364705882353
26.5520588235294
33.3597058823529
22.4255882352941
32.1029411764706
26.7323529411765
43.0247058823529
24.3314705882353
29.3164705882353
26.5811764705882
28.4167647058824
37.5920588235294
31.8067647058824
22.9697058823529
29.4229411764706
31.9505882352941
29.7785294117647
28.9876470588235
36.5023529411765
16.2226470588235
37.1620588235294
24.5952941176471
31.5926470588235
25.3041176470588
27.6223529411765
16.4291176470588
45.9279411764706
24.8588235294118
32.9141176470588
37.3379411764706
18.5870588235294
36.2241176470588
33.2135294117647
29.5676470588235
30.4576470588235
25.4752941176471
17.8864705882353
29.7332352941176
41.01
24.8344117647059
35.2776470588235
25.4597058823529
26.6485294117647
24.2655882352941
27.1541176470588
31.2441176470588
21.7241176470588
36.7411764705882
23.0191176470588
16.3944117647059
20.9564705882353
26.7208823529412
27.5647058823529
32.9308823529412
37.6061764705882
24.1026470588235
34.1067647058824
35.0311764705882
34.4441176470588
26.9988235294118
29.8094117647059
32.1658823529412
24.1008823529412
27.2429411764706
25.5544117647059
34.0194117647059
25.0985294117647
30.7841176470588
23.5708823529412
35.1794117647059
24.7138235294118
35.2026470588235
29.2423529411765
21.0332352941176
21.4488235294118
30.5002941176471
34.1867647058824
21.9497058823529
37.0870588235294
32.2270588235294
19.0667647058824
36.0302941176471
30.7420588235294
38.1620588235294
30.7373529411765
27.2055882352941
29.0964705882353
31.8314705882353
37.5282352941176
30.0632352941176
30.3308823529412
31.7988235294118
36.5823529411765
35.3985294117647
39.4908823529412
28.12
32.0555882352941
25.7629411764706
28.4238235294118
25.5002941176471
20.2014705882353
29.6808823529412
31.1076470588235
26.9023529411765
38.5155882352941
23.5829411764706
26.6805882352941
31.1252941176471
37.1291176470588
26.7426470588235
29.7114705882353
21.2226470588235
25.4994117647059
26.8867647058824
28.7026470588235
24.7514705882353
27.395
30.6620588235294
29.4517647058824
19.98
23.7217647058824
26.8055882352941
28.5385294117647
30.92
30.6238235294118
33.9976470588235
31.8882352941176
34.9344117647059
28.5605882352941
41.25
26.3679411764706
39.705
33.1002941176471
29.4911764705882
32.51
31.1876470588235
36.9932352941176
34.2705882352941
38.9029411764706
14.28
22.1897058823529
35.3220588235294
37.4420588235294
47.4014705882353
31.3897058823529
25.4485294117647
35.3267647058824
24.0782352941176
39.9976470588235
25.9017647058824
28.5747058823529
18.4344117647059
29.2985294117647
27.6776470588235
27.5764705882353
25.2991176470588
32.6214705882353
31.2920588235294
36.6567647058824
36.8985294117647
31.4058823529412
33.82
28.0608823529412
32.3729411764706
34.2520588235294
39.6905882352941
34.0985294117647
22.7152941176471
34.5473529411765
21.5008823529412
29.7494117647059
23.7664705882353
24.9311764705882
28.2302941176471
22.0314705882353
35.3529411764706
28.0323529411765
26.2626470588235
32.0005882352941
29.9835294117647
28.2194117647059
29.1461764705882
27.4582352941176
25.3123529411765
36.3991176470588
23.8826470588235
21.4408823529412
21.1935294117647
34.8679411764706
42.8991176470588
27.1323529411765
31.9470588235294
31.3352941176471
31.4905882352941
31.9814705882353
24.6752941176471
38.8252941176471
21.8914705882353
30.6279411764706
28.6405882352941
23.4505882352941
28.4776470588235
27.8882352941176
34.8491176470588
31.6852941176471
25.91
15.3597058823529
34.3670588235294
26.7885294117647
24.1361764705882
34.2064705882353
30.1047058823529
33.6432352941176
26.94
34.2091176470588
24.4435294117647
25.6076470588235
23.5505882352941
23.0123529411765
29.3417647058824
33.7523529411765
33.9911764705882
28.2652941176471
22.7161764705882
29.8255882352941
21.3579411764706
29.9794117647059
28.5517647058824
36.6935294117647
34.6379411764706
27.2861764705882
37.0020588235294
36.0323529411765
23.2032352941176
36.6167647058824
40.165
25.4788235294118
25.0523529411765
35.2202941176471
29.8482352941176
30.2126470588235
29.9005882352941
21.9661764705882
33.2420588235294
27.3564705882353
27.9976470588235
21.0647058823529
34.1761764705882
35.9252941176471
32.2005882352941
35.2717647058824
29.9594117647059
23.8494117647059
25.5779411764706
24.2452941176471
24.6264705882353
23.4585294117647
29.4985294117647
29.9373529411765
27.1344117647059
37.7614705882353
20.4411764705882
25.765
34.9261764705882
30.3311764705882
29.8467647058824
22.8811764705882
36.1573529411765
35.2967647058824
24.1773529411765
51.0005882352941
25.4644117647059
28.3488235294118
37.8808823529412
26.3832352941176
32.3529411764706
28.8279411764706
24.7055882352941
26.7729411764706
30.0141176470588
25.6979411764706
30.2858823529412
37.04
23.5902941176471
19.4429411764706
24.7605882352941
33.0135294117647
36.5544117647059
22.5711764705882
29.4538235294118
29.2785294117647
25.3647058823529
25.5058823529412
23.3979411764706
21.9170588235294
21.4561764705882
20.8220588235294
32.4161764705882
33.0202941176471
29.3955882352941
31.2567647058824
23.8852941176471
21.7661764705882
30.9226470588235
25.3297058823529
37.4105882352941
33.6370588235294
29.5491176470588
32.0623529411765
33.0497058823529
37.0514705882353
33.5502941176471
32.6611764705882
15.9108823529412
25.3370588235294
28.3755882352941
32.7470588235294
34.1558823529412
16.2747058823529
40.0135294117647
29.4829411764706
30.8111764705882
27.4691176470588
29.8729411764706
29.4585294117647
33.0070588235294
35.4502941176471
35.4464705882353
27.2464705882353
32.4052941176471
29.2402941176471
29.1205882352941
30.4458823529412
34.7505882352941
18.5685294117647
34.4923529411765
34.6420588235294
23.2402941176471
33.3870588235294
30.1335294117647
31.5997058823529
32.09
27.305
26.4073529411765
32.5017647058824
29.7267647058824
26.1267647058824
33.7688235294118
22.2679411764706
38.7238235294118
28.6523529411765
35.9644117647059
26.4779411764706
29.7735294117647
34.3967647058824
24.9302941176471
30.9973529411765
23.0838235294118
22.0555882352941
32.5535294117647
26.4526470588235
37.4144117647059
34.6179411764706
24.9526470588235
32.0405882352941
33.7735294117647
30.8885294117647
28.3605882352941
43.9326470588235
29.9173529411765
19.8902941176471
28.2188235294118
27.1444117647059
23.5144117647059
29.5938235294118
34.6429411764706
32.6585294117647
30.1994117647059
34.0711764705882
35.8282352941176
23.3664705882353
28.9985294117647
19.4082352941176
34.1767647058824
36.33
38.9276470588235
27.2358823529412
27.9626470588235
30.7547058823529
26.4470588235294
31.6614705882353
27.5232352941176
28.7035294117647
34.2273529411765
29.63
31.5976470588235
31.7370588235294
31.5129411764706
31.9691176470588
25.4235294117647
29.3129411764706
27.8620588235294
23.8323529411765
29.1794117647059
36.9688235294118
35.1832352941176
34.44
27.0155882352941
31.8429411764706
32.0182352941176
32.0597058823529
20.8038235294118
34.3035294117647
27.2047058823529
25.4117647058824
31.3776470588235
29.095
26.9573529411765
38.8741176470588
25.2755882352941
27.5573529411765
40.6526470588235
32.3167647058824
31.3282352941176
22.8982352941176
21.4779411764706
36.735
27.8976470588235
23.595
32.3688235294118
28.9620588235294
39.4111764705882
35.9064705882353
36.5585294117647
30.0635294117647
25.9058823529412
30.6208823529412
22.1226470588235
30.4229411764706
20.7785294117647
25.4391176470588
27.7320588235294
33.9220588235294
33.4976470588235
31.4585294117647
32.2002941176471
21.3044117647059
31.3020588235294
20.1029411764706
38.0694117647059
29.0411764705882
26.4120588235294
21.8438235294118
29.4808823529412
29.4988235294118
37.5502941176471
22.8429411764706
29.0820588235294
33.7561764705882
21.8505882352941
29.4785294117647
16.4473529411765
39.5164705882353
38.1467647058824
28.7664705882353
26.855
29.2435294117647
29.4991176470588
32.6067647058824
34.6597058823529
38.6355882352941
32.7944117647059
39.3267647058824
39.7647058823529
24.0414705882353
23.8605882352941
32.4164705882353
28.6094117647059
25.8391176470588
29.7855882352941
32.0135294117647
29.0785294117647
23.3832352941176
33.1752941176471
34.5729411764706
25.8141176470588
36.5491176470588
42.3123529411765
33.0432352941177
24.9755882352941
27.6138235294118
27.985
25.1091176470588
25.6502941176471
27.0820588235294
15.2644117647059
25.5005882352941
27.2891176470588
21.7455882352941
33.2197058823529
19.7038235294118
17.5732352941176
26.1079411764706
23.2455882352941
27.0529411764706
34.4444117647059
32.5532352941176
30.6402941176471
27.7097058823529
26.1708823529412
27.1452941176471
28.1126470588235
27.4985294117647
23.15
24.8305882352941
26.0217647058824
25.5044117647059
29.2361764705882
30.0629411764706
28.5370588235294
22.6705882352941
35.4702941176471
23.4891176470588
32.1829411764706
26.3997058823529
40.8482352941177
30.5258823529412
42.2023529411765
36.4170588235294
30.9376470588235
36.3155882352941
26.3291176470588
15.5888235294118
31.4205882352941
33.8988235294118
33.0297058823529
30.1944117647059
25.9497058823529
25.4647058823529
29.3397058823529
28.7038235294118
28.5497058823529
28.3961764705882
30.5647058823529
24.5176470588235
36.7891176470588
27.6273529411765
39.2482352941176
44.0520588235294
20.3717647058824
26.0441176470588
33.7111764705882
25.0270588235294
24.5705882352941
16.8635294117647
31.7676470588235
28.6282352941176
27.8964705882353
32.3358823529412
28.9367647058824
33.4902941176471
31.4429411764706
29.1511764705882
19.0429411764706
28.33
25.2638235294118
30.1376470588235
41.5582352941177
34.7741176470588
29.2185294117647
23.9620588235294
29.8579411764706
25.4320588235294
25.4135294117647
31.4717647058824
30.7117647058824
22.7452941176471
24.4594117647059
46.0717647058824
29.2864705882353
36.4094117647059
38.0535294117647
31.2179411764706
17.5661764705882
29.8858823529412
34.25
27.4597058823529
23.4920588235294
38.8582352941176
29.0647058823529
36.0844117647059
30.5344117647059
21.9567647058824
29.0747058823529
25.8591176470588
36.875
20.8541176470588
22.5282352941176
38.3323529411765
27.1470588235294
25.7991176470588
25.8582352941176
42.2897058823529
20.9055882352941
20.4385294117647
32.9447058823529
33.0558823529412
24.7991176470588
28.0714705882353
26.7691176470588
26.7067647058824
36.2085294117647
26.5967647058824
27.9132352941176
32.8238235294118
31.0073529411765
37.5452941176471
33.4023529411765
34.5558823529412
32.125
30.6461764705882
17.0679411764706
30.1658823529412
35.5508823529412
23.8532352941176
21.2920588235294
25.0523529411765
29.6108823529412
28.1185294117647
30.5020588235294
31.3491176470588
30.3267647058824
19.1102941176471
29.4876470588235
32.8802941176471
28.2673529411765
31.5405882352941
29.7435294117647
24.3158823529412
35.8770588235294
24.3917647058824
30.9326470588235
22.7558823529412
34.8394117647059
35.8867647058823
27.1597058823529
33.9844117647059
21.79
32.6635294117647
30.9361764705882
40.3597058823529
33.9976470588235
29.3491176470588
34.7452941176471
25.6047058823529
19.6944117647059
23.5408823529412
29.49
23.0247058823529
27.7461764705882
23.2055882352941
30.2729411764706
29.3032352941176
31.8773529411765
23.56
30.6564705882353
36.0067647058824
39.6529411764706
34.9664705882353
41.2655882352941
32.3902941176471
15.04
34.895
28.7505882352941
41.0697058823529
28.2823529411765
27.8782352941176
31.3270588235294
27.7094117647059
34.5555882352941
23.3329411764706
24.5938235294118
37.8373529411765
31.1952941176471
34.5632352941176
23.8602941176471
31.0591176470588
35.2641176470588
22.7508823529412
26.0641176470588
35.4423529411765
30.7864705882353
16.0232352941176
37.1982352941176
30.0247058823529
32.1770588235294
28.3467647058824
27.2335294117647
36.6544117647059
24.1041176470588
39.3052941176471
33.6276470588235
28.6523529411765
22.5958823529412
39.7147058823529
31.0388235294118
21.4258823529412
31.9102941176471
35.0273529411765
42.1735294117647
26.0535294117647
34.9876470588235
32.1514705882353
23.7285294117647
29.4988235294118
29.5985294117647
31.7394117647059
27.9744117647059
34.4461764705882
20.6376470588235
25.4470588235294
36.5564705882353
31.795
29.8308823529412
24.8364705882353
33.0838235294118
21.6423529411765
22.5908823529412
27.9285294117647
29.5702941176471
41.5697058823529
41.895
27.1382352941176
29.1958823529412
28.7497058823529
18.1761764705882
33.1029411764706
24.6067647058824
31.4694117647059
27.9864705882353
20.02
35.4838235294118
25.2264705882353
31.3214705882353
31.9502941176471
26.1205882352941
24.4467647058824
30.5526470588235
42.6323529411765
34.6708823529412
26.3661764705882
24.0508823529412
30.6408823529412
28.23
24.9402941176471
36.3376470588235
30.6138235294118
25.1673529411765
35.9567647058823
31.0811764705882
27.7679411764706
28.9926470588235
30.9758823529412
23.6441176470588
30.6288235294118
28.9805882352941
26.8988235294118
23.0785294117647
35.0526470588235
22.6529411764706
38.0929411764706
31.0620588235294
28.0841176470588
27.375
28.1658823529412
23.2544117647059
35.8535294117647
29.7952941176471
27.6114705882353
27.4161764705882
35.1535294117647
27.2673529411765
30.4002941176471
34.8608823529412
19.5979411764706
36.5129411764706
38.7626470588235
35.5176470588235
27.4567647058824
34.3258823529412
25.4352941176471
36.9152941176471
22.1870588235294
22.0567647058824
27.4161764705882
19.6444117647059
25.2211764705882
28.1479411764706
17.8264705882353
29.8620588235294
32.4402941176471
33.7764705882353
21.8208823529412
38.8138235294118
32.7429411764706
32.9029411764706
14.5758823529412
29.3611764705882
31.0820588235294
24.8029411764706
30.3082352941176
22.6202941176471
21.4485294117647
29.34
23.1141176470588
39.17
37.5073529411765
30.2385294117647
23.9535294117647
29.1861764705882
28.8123529411765
24.7555882352941
17.8582352941176
20.0567647058824
28.5014705882353
26.455
20.7988235294118
30.8791176470588
30.1397058823529
27.5164705882353
31.8167647058824
44.6835294117647
27.9402941176471
26.9620588235294
24.73
22.5511764705882
29.1197058823529
40.365
32.0252941176471
22.09
31.0008823529412
25.9161764705882
22.4785294117647
37.0420588235294
35.2535294117647
30.1573529411765
33.3335294117647
27.2761764705882
31.8423529411765
24.7064705882353
39.8020588235294
33.3558823529412
26.8820588235294
27.0452941176471
21.115
24.8897058823529
40.8364705882353
42.5379411764706
27.4211764705882
31.7835294117647
30.9423529411765
26.2773529411765
28.6244117647059
27.7391176470588
26.0102941176471
25.0926470588235
33.8202941176471
31.5055882352941
36.6023529411765
31.8508823529412
37.8367647058824
33.9726470588235
26.1182352941176
30.0891176470588
29.3155882352941
31.7782352941176
33.0091176470588
28.5673529411765
19.9708823529412
40.2120588235294
22.4573529411765
32.5588235294118
36.3585294117647
43.1208823529412
25.3617647058824
29.2532352941176
27.88
31.4788235294118
32.5091176470588
38.9905882352941
23.4255882352941
36.9279411764706
17.3291176470588
33.2723529411765
30.1323529411765
25.5602941176471
27.2555882352941
31.6926470588235
33.5244117647059
28.2564705882353
27.7441176470588
40.5279411764706
27.9082352941176
23.6667647058824
19.6197058823529
24.5382352941176
24.8152941176471
38.5691176470588
19.7502941176471
37.69
27.8602941176471
32.3958823529412
21.535
29.1055882352941
26.13
26.2320588235294
29.2620588235294
30.7311764705882
28.3941176470588
29.5844117647059
23.5717647058824
22.5973529411765
30.3585294117647
27.0517647058824
37.1391176470588
28.9691176470588
30.9461764705882
25.5494117647059
25.2817647058824
32.8926470588235
23.6885294117647
33.7976470588235
28.5741176470588
17.9229411764706
28.4394117647059
26.9382352941176
28.5632352941176
25.8202941176471
30.1208823529412
25.3838235294118
29.6829411764706
30.8229411764706
34.3291176470588
25.5661764705882
39.0720588235294
31.6379411764706
23.8273529411765
24.8117647058824
25.5055882352941
22.0161764705882
28.2126470588235
26.8564705882353
28.6823529411765
25.0852941176471
29.3991176470588
18.3447058823529
31.0058823529412
37.2611764705882
29.5358823529412
32.9747058823529
28.3973529411765
28.3982352941176
38.2858823529412
32.7894117647059
28.7255882352941
40.8055882352941
26.6426470588235
24.955
15.7958823529412
21.7132352941176
32.5002941176471
22.035
19.5905882352941
32.0152941176471
33.5767647058824
23.0017647058824
23.5979411764706
20.4220588235294
31.0426470588235
28.8117647058824
34.1582352941176
23.4894117647059
33.7164705882353
34.3082352941176
31.9655882352941
44.9044117647059
32.7576470588235
41.1670588235294
38.2338235294118
36.8073529411765
34.4161764705882
30.9017647058824
28.0064705882353
27.9667647058824
31.4158823529412
25.8079411764706
24.2911764705882
33.9711764705882
26.8126470588235
28.8414705882353
30.1488235294118
27.1044117647059
19.9308823529412
31.4776470588235
37.9982352941176
36.7505882352941
37.8608823529412
27.6488235294118
20.5582352941176
31.7908823529412
29.5191176470588
16.7823529411765
23.0361764705882
35.0561764705882
29.6255882352941
28.8252941176471
30.1708823529412
27.7179411764706
29.0423529411765
33.7814705882353
36.7676470588235
28.8538235294118
29.2808823529412
30.7129411764706
22.14
35.4747058823529
35.2358823529412
30.6985294117647
36.9341176470588
36.185
26.2752941176471
19.1479411764706
20.5917647058824
37.5791176470588
31.6394117647059
29.8173529411765
27.0608823529412
34.4370588235294
30.5617647058824
33.4611764705882
29.3529411764706
31.7229411764706
44.3532352941176
28.245
22.2608823529412
22.3005882352941
21.9164705882353
27.9226470588235
30.5879411764706
25.1291176470588
21.6891176470588
30.3494117647059
32.2788235294118
24.2238235294118
34.2379411764706
18.5132352941176
38.1235294117647
32.3970588235294
26.6297058823529
26.9032352941176
34.2008823529412
35.1258823529412
28.9529411764706
40.5255882352941
25.2741176470588
23.8176470588235
13.3714705882353
27.3717647058824
30.3591176470588
33.585
38.9038235294118
28.8185294117647
35.7870588235294
31.2367647058824
30.1502941176471
28.0882352941176
33.0058823529412
32.7585294117647
35.3814705882353
25.4402941176471
40.17
27.4767647058824
22.8320588235294
31.7052941176471
31.4911764705882
31.1579411764706
31.6261764705882
21.6744117647059
30.2008823529412
31.1023529411765
26.0979411764706
23.8261764705882
43.5208823529412
31.0817647058824
30.0205882352941
30.5091176470588
29.8220588235294
24.8882352941176
25.5408823529412
36.9008823529412
31.5014705882353
23.6197058823529
30.9541176470588
37.4738235294118
17.8426470588235
38.5732352941176
22.2473529411765
31.4805882352941
42.5779411764706
31.2208823529412
23.1858823529412
31.1855882352941
32.1417647058824
27.8305882352941
37.7005882352941
27.9035294117647
27.4220588235294
25.5767647058824
46.9155882352941
29.8747058823529
27.7770588235294
27.7917647058824
25.0394117647059
26.7635294117647
28.0426470588235
26.0170588235294
25.6917647058824
25.3658823529412
29.5635294117647
25.4788235294118
18.8173529411765
35.1214705882353
35.69
21.3711764705882
40.1994117647059
29.8485294117647
20.7064705882353
31.4808823529412
30.1508823529412
37.8685294117647
22.9864705882353
38.5226470588235
37.9388235294118
31.6420588235294
28.6011764705882
48.0691176470588
22.0458823529412
30.7208823529412
29.3205882352941
35.1308823529412
35.0329411764706
27.6111764705882
27.6714705882353
30.4767647058824
33.1738235294118
17.4597058823529
26.2520588235294
29.1429411764706
37.8011764705882
31.0697058823529
39.6991176470588
17.7108823529412
26.4147058823529
28.64
34.3476470588235
27.6061764705882
40.0911764705882
25.7608823529412
41.6985294117647
39.1241176470588
37.4714705882353
35.6808823529412
30.4723529411765
25.2452941176471
40.8067647058824
31.0061764705882
25.6829411764706
28.1764705882353
31.3541176470588
31.4770588235294
34.0361764705882
34.5929411764706
17.4732352941176
34.8179411764706
34.4
28.6626470588235
24.5520588235294
31.5817647058824
24.0308823529412
31.9417647058824
29.3061764705882
23.4920588235294
30.1447058823529
27.2347058823529
34.7779411764706
26.9705882352941
20.9602941176471
26.2517647058824
38.6155882352941
49.0438235294118
34.8370588235294
43.9155882352941
33.0267647058823
15.7738235294118
31.7788235294118
21.6382352941176
30.1467647058824
36.5370588235294
32.6273529411765
31.7752941176471
31.0767647058824
33.8447058823529
32.1344117647059
26.3667647058824
23.1252941176471
30.3794117647059
28.5288235294118
26.8970588235294
35.1814705882353
19.5747058823529
24.5114705882353
20.9252941176471
27.1817647058824
21.2852941176471
24.9408823529412
23.2261764705882
40.2444117647059
30.5273529411765
35.2135294117647
30.88
32.6185294117647
41.7417647058824
31.2194117647059
27.9479411764706
24.9588235294118
37.0597058823529
27.5355882352941
29.2252941176471
30.6029411764706
34.0932352941176
30.2220588235294
25.8023529411765
32.66
24.9214705882353
33.43
30.5035294117647
44.6611764705882
29.4997058823529
37.7958823529412
25.7735294117647
40.5517647058824
25.6491176470588
27.5476470588235
27.1261764705882
41.3679411764706
27.5964705882353
44.4523529411765
27.4970588235294
23.2544117647059
21.57
25.1188235294118
23.9302941176471
31.8523529411765
29.0879411764706
36.7270588235294
33.4761764705882
27.9329411764706
33.2511764705882
24.8697058823529
36.6364705882353
26.7064705882353
27.5255882352941
35.6870588235294
35.9379411764706
25.59
20.5358823529412
44.37
27.0558823529412
31.9952941176471
32.9429411764706
40.7394117647059
23.3414705882353
32.2914705882353
41.185
37.7158823529412
21.7458823529412
28.0776470588235
29.8426470588235
28.3861764705882
26.6352941176471
24.7852941176471
24.9702941176471
29.4723529411765
23.3223529411765
32.9252941176471
24.3014705882353
35.8438235294118
29.0285294117647
24.8908823529412
33.4832352941176
37.3173529411765
44.66
23.275
28.5608823529412
28.8352941176471
29.8908823529412
30.4826470588235
28.4011764705882
35.5573529411765
22.4064705882353
31.1717647058824
31.8655882352941
38.5817647058823
35.3617647058824
27.84
30.8202941176471
28.5808823529412
32.9376470588235
25.5535294117647
32.6694117647059
34.1223529411765
30.5605882352941
32.4982352941176
43.4329411764706
27.7738235294118
27.9282352941176
27.7638235294118
34.7082352941176
37.9020588235294
33.7658823529412
24.9082352941176
26.8220588235294
32.9988235294118
36.2576470588235
49.2167647058824
39.5308823529412
35.1511764705882
27.7985294117647
35.0220588235294
37.9182352941177
40.33
26.7552941176471
27.5111764705882
22.4720588235294
28.5744117647059
22.5391176470588
31.445
26.7338235294118
23.0129411764706
23.5835294117647
29.7682352941176
32.4414705882353
49.9311764705882
43.8632352941176
25.8679411764706
26.9458823529412
29.5570588235294
30.2767647058824
36.8988235294118
31.445
33.6952941176471
26.7088235294118
37.7405882352941
32.3223529411765
27.1655882352941
23.3614705882353
29.3564705882353
23.0226470588235
23.9805882352941
20.3844117647059
36.0073529411765
34.2238235294118
29.3826470588235
29.8214705882353
21.2097058823529
33.3176470588235
28.0020588235294
37.9535294117647
27.2929411764706
36.7944117647059
33.0441176470588
29.2497058823529
36.2076470588235
37.6170588235294
26.1705882352941
36.2314705882353
40.3644117647059
28.0385294117647
27.0955882352941
31.0552941176471
26.4088235294118
27.2161764705882
28.1544117647059
31.3226470588235
23.5232352941176
29.6964705882353
35.2002941176471
27.8147058823529
42.9967647058824
33.0876470588235
23.6447058823529
38.1891176470588
35.6079411764706
28.9655882352941
21.3935294117647
27.4176470588235
21.5376470588235
28.7702941176471
26.1582352941176
27.6305882352941
27.2320588235294
23.3091176470588
38.7602941176471
33.5376470588235
33.3076470588235
36.2120588235294
25.4732352941176
28.53
23.2194117647059
19.8282352941176
30.5691176470588
30.2488235294118
23.7473529411765
25.8841176470588
24.2402941176471
29.5311764705882
33.0885294117647
28.8523529411765
29.1911764705882
30.8611764705882
27.0344117647059
19.4141176470588
25.9667647058824
34.3776470588235
26.7570588235294
28.5691176470588
25.2252941176471
34.4411764705882
34.7679411764706
30.1867647058824
31.3567647058824
22.6047058823529
19.8873529411765
33.5302941176471
39.3217647058824
22.8873529411765
30.2926470588235
14.2288235294118
27.7514705882353
31.2229411764706
26.6908823529412
36.1323529411765
27.55
41.4026470588235
23.76
22.965
24.0388235294118
35.01
29.3029411764706
29.8511764705882
27.4785294117647
31.3138235294118
36.3241176470588
26.6894117647059
17.0005882352941
37.5788235294118
31.8047058823529
40.7491176470588
27.7891176470588
30.5829411764706
28.4738235294118
31.4111764705882
33.0891176470588
32.3858823529412
42.6432352941176
29.2558823529412
30.4935294117647
30.2797058823529
34.4541176470588
32.6852941176471
34.1008823529412
38.485
25.0417647058824
36.8429411764706
19.535
31.5673529411765
25.3717647058824
24.1117647058824
24.6232352941176
23.2385294117647
36.1935294117647
37.7261764705882
17.5620588235294
19.8620588235294
35.3708823529412
32.4585294117647
31.6891176470588
25.9470588235294
29.4120588235294
34.3744117647059
23.7976470588235
25.6570588235294
40.4291176470588
35.2526470588235
49.9911764705882
22.7141176470588
25.7755882352941
35.6064705882353
27.6861764705882
25.2817647058824
27.5414705882353
23.6085294117647
20.1911764705882
27.3047058823529
32.8491176470588
31.3735294117647
19.2285294117647
23.9491176470588
22.2235294117647
29.6755882352941
33.0126470588235
33.4964705882353
37.2588235294118
34.3041176470588
24.9114705882353
23.2214705882353
20.4467647058824
24.4291176470588
27.1711764705882
38.5708823529412
23.6967647058824
20.8097058823529
25.3470588235294
27.2791176470588
21.6641176470588
26.5911764705882
30
32.925
41.38
29.5273529411765
39.6520588235294
20.7741176470588
30.2497058823529
26.7008823529412
22.3985294117647
23.2317647058824
41.8458823529412
37.0935294117647
25.4547058823529
30.18
18.0305882352941
35.0964705882353
15.7258823529412
30.7811764705882
22.0111764705882
24.0558823529412
33.0444117647059
22.9070588235294
35.7470588235294
28.5908823529412
26.8761764705882
22.6826470588235
22.3291176470588
27.2741176470588
30.2541176470588
24.1529411764706
28.5388235294118
34.0988235294118
29.6447058823529
35.5347058823529
29.5091176470588
26.3408823529412
28.515
30.5011764705882
27.8779411764706
12.7247058823529
34.3023529411765
34.4635294117647
31.5317647058824
20.495
39.525
32.3694117647059
31.7005882352941
32.2035294117647
30.9220588235294
25.5052941176471
30.7535294117647
36.4261764705882
34.7835294117647
39.2785294117647
33.12
22.4955882352941
24.0170588235294
34.7808823529412
35.0761764705882
26.6955882352941
25.5988235294118
29.3111764705882
30.7191176470588
26.5473529411765
22.3629411764706
38.6967647058824
29.1444117647059
20.3361764705882
35.7341176470588
27.7897058823529
25.8517647058824
34.71
19.7602941176471
35.8808823529412
22.6502941176471
26.3926470588235
33.4864705882353
27.0014705882353
30.5432352941176
15.1279411764706
31.6452941176471
23.8994117647059
35.7664705882353
31.5097058823529
36.8370588235294
30.7994117647059
23.9329411764706
35.7629411764706
33.1741176470588
33.7176470588235
22.8988235294118
32.4617647058824
33.5788235294118
27.6367647058824
26.3876470588235
33.6755882352941
20.3311764705882
33.8411764705882
23.9979411764706
18.8038235294118
24.785
33.4147058823529
31.785
25.8111764705882
37.9517647058824
30.7694117647059
29.8479411764706
32.0129411764706
30.175
30.3694117647059
36.1044117647059
23.6285294117647
34.1364705882353
28.3373529411765
29.2055882352941
32.5794117647059
29.7270588235294
33.5979411764706
30.3052941176471
30.5155882352941
24.5235294117647
30.8667647058824
27.8908823529412
30.8641176470588
23.5923529411765
36.79
27.8923529411765
20.9997058823529
32.8138235294118
31.2067647058824
36.2873529411765
22.2805882352941
29.1611764705882
23.9785294117647
26.3705882352941
27.6420588235294
23.8555882352941
33.9558823529412
32.0791176470588
33.7417647058824
21.2367647058824
29.6888235294118
22.8117647058824
29.4361764705882
28.7867647058824
30.11
42.3558823529412
31.7355882352941
28.1732352941176
29.2991176470588
32.6988235294118
35.7414705882353
19.3317647058824
31.1070588235294
27.1635294117647
26.1329411764706
23.22
22.9617647058824
32.8597058823529
32.3461764705882
25.99
26.5776470588235
26.5455882352941
31.2558823529412
33.3167647058824
18.0508823529412
27.1320588235294
38.6382352941176
32.7585294117647
34.3955882352941
30.8044117647059
39.4323529411765
23.3617647058824
22.2182352941176
31.8317647058824
32.6667647058824
21.1305882352941
32.3570588235294
22.1870588235294
23.7926470588235
15.8282352941176
34.3502941176471
27.9644117647059
33.4158823529412
22.4029411764706
33.0244117647059
28.8773529411765
29.3602941176471
27.1011764705882
26.1208823529412
26.34
32.8444117647059
28.9194117647059
31.6838235294118
25.7205882352941
34.5355882352941
37.1794117647059
34.6676470588235
26.1861764705882
24.6564705882353
35.5297058823529
31.5944117647059
29.5802941176471
32.5058823529412
34.1770588235294
30.0047058823529
29.6467647058824
25.6338235294118
32.3344117647059
23.6129411764706
24.0988235294118
33.3935294117647
28.5361764705882
28.5673529411765
24.2161764705882
28.1388235294118
38.6808823529412
27.5211764705882
31.5802941176471
38.0985294117647
29.8661764705882
28.8614705882353
28.0776470588235
32.6185294117647
34.6511764705882
29.5747058823529
28.2802941176471
30.7614705882353
29.0044117647059
24.6888235294118
23.6802941176471
30.7079411764706
33.8197058823529
27.5517647058824
33.045
38.3082352941176
24.7976470588235
39.7161764705882
36.0005882352941
37.8055882352941
33.1564705882353
23.7152941176471
29.6444117647059
22.0511764705882
35.4870588235294
30.4202941176471
17.5917647058824
29.5611764705882
30.095
37.0252941176471
26.0888235294118
32.1855882352941
30.5644117647059
30.8235294117647
24.1464705882353
24.4123529411765
28.3847058823529
29.2608823529412
39.2526470588235
35.6676470588235
30.245
19.2217647058824
26.8670588235294
27.2570588235294
21.9961764705882
26.9235294117647
25.0776470588235
24.2108823529412
33.9385294117647
27.9976470588235
30.7444117647059
23.7779411764706
29.3570588235294
27.7235294117647
32.1432352941176
31.3261764705882
42.5170588235294
26.7941176470588
31.9102941176471
26.4705882352941
26.0261764705882
35.2282352941176
26.2638235294118
30.4882352941176
23.3667647058824
26.0735294117647
33.6173529411765
31.5152941176471
31.5932352941176
27.2461764705882
32.0735294117647
33.1311764705882
27.5464705882353
29.8317647058824
30.4347058823529
28.3841176470588
20.2355882352941
37.8535294117647
39.7082352941176
25.2176470588235
25.0402941176471
31.2014705882353
33.3105882352941
27.6108823529412
41.105
29.6097058823529
38.3014705882353
24.1341176470588
28.7632352941176
30.765
31.7441176470588
25.9926470588235
18.67
29.57
27.6197058823529
25.9647058823529
33.4326470588235
26.0944117647059
27.0152941176471
39.6911764705882
37.4694117647059
25.855
27.035
37.8105882352941
34.3417647058824
29.4679411764706
24.0126470588235
35.0138235294118
29.2952941176471
30.6723529411765
29.7682352941176
36.6179411764706
32.7155882352941
24.7861764705882
45.2373529411765
32.7120588235294
32.2847058823529
22.0047058823529
23.9985294117647
23.7908823529412
38.0811764705882
25.2582352941176
29.5773529411765
31.6052941176471
29.2379411764706
30.5773529411765
32.5117647058824
36.385
21.0055882352941
32.9552941176471
34.9452941176471
30.5291176470588
32.1214705882353
28.7252941176471
25.3361764705882
17.2085294117647
20.8938235294118
34.3394117647059
21.1394117647059
27.4620588235294
39.7991176470588
24.1408823529412
30.7882352941176
21.5588235294118
29.0841176470588
20.5020588235294
25.2923529411765
22.5535294117647
23.3602941176471
27.9420588235294
19.95
43.0758823529412
22.0691176470588
44.8076470588235
29.0735294117647
27.5717647058824
48.2402941176471
30.9047058823529
30.0205882352941
21.0514705882353
33.3102941176471
36.4105882352941
31.7505882352941
27.0211764705882
25.7408823529412
32.6270588235294
30.9105882352941
25.7779411764706
33.2135294117647
36.8320588235294
30.9829411764706
29.9102941176471
34.7344117647059
28.0626470588235
36.8582352941176
34.5617647058824
32.4741176470588
25.0744117647059
36.6576470588235
28.3552941176471
31.5917647058824
36.9944117647059
29.2291176470588
23.5091176470588
40.1229411764706
25.3829411764706
29.4391176470588
24.3776470588235
23.3147058823529
35.2823529411765
43.2197058823529
34.7911764705882
29.8911764705882
32.9408823529412
32.0011764705882
24.5232352941176
28.805
27.6982352941176
32.5847058823529
39.6755882352941
20.3720588235294
33.4023529411765
19.7032352941176
26.3276470588235
23.5729411764706
28.0211764705882
27.2085294117647
31.9641176470588
38.7808823529412
32.2061764705882
30.2317647058824
36.1673529411765
42.205
26.4173529411765
28.2235294117647
26.3144117647059
39.3629411764706
32.7097058823529
21.8976470588235
29.0791176470588
32.6302941176471
28.2088235294118
37.4629411764706
26.7747058823529
31.93
28.4138235294118
29.2917647058824
36.7661764705882
23.8497058823529
31.3311764705882
27.1452941176471
32.4429411764706
31.2273529411765
40.2376470588235
30.6908823529412
34.4382352941176
28.0991176470588
27.4447058823529
41.9002941176471
20.7455882352941
32.8338235294118
42.9682352941176
29.5423529411765
32.8647058823529
45.1526470588235
23.6241176470588
33.1594117647059
30.8826470588235
37.7276470588235
29.28
32.1479411764706
37.1947058823529
27.2605882352941
26.8247058823529
32.1861764705882
35.9508823529412
23.0632352941176
36.6608823529412
28.9026470588235
20.1017647058824
30.0397058823529
48.8108823529412
19.4432352941176
29.0591176470588
33.215
22.3741176470588
31.5370588235294
33.6161764705882
30.8094117647059
28.9311764705882
24.9914705882353
39.0958823529412
36.0647058823529
28.9255882352941
30.4467647058824
24.6044117647059
34.7997058823529
28.5952941176471
21.6223529411765
22.2155882352941
23.6641176470588
32.8970588235294
38.3129411764706
33.8305882352941
34.7297058823529
31.7791176470588
27.3935294117647
41.1335294117647
19.7897058823529
36.3367647058824
33.5735294117647
31.1141176470588
32.6332352941176
27.2508823529412
29.0832352941176
27.1044117647059
34.6173529411765
32.7308823529412
39.2173529411765
28.9320588235294
23.6420588235294
13.7508823529412
32.3438235294118
31.6361764705882
21.9547058823529
39.1620588235294
29.1382352941176
24.3920588235294
33.1879411764706
33.7829411764706
28.2188235294118
39.9079411764706
28.6241176470588
29.3841176470588
24.9417647058824
38.1255882352941
26.2314705882353
27.2632352941176
34.1523529411765
21.5235294117647
29.7211764705882
30.0864705882353
28.7135294117647
19.4858823529412
26.6529411764706
38.4991176470588
26.4608823529412
36.3261764705882
23.2226470588235
33.9564705882353
39.9697058823529
40.9270588235294
27.3841176470588
24.6829411764706
31.1797058823529
32.0408823529412
33.5094117647059
24.5932352941176
25.8191176470588
25.8614705882353
31.3741176470588
21.8841176470588
35.5611764705882
24.7205882352941
25.6182352941176
27.5655882352941
24.7882352941176
38.8067647058824
27.9770588235294
38.2382352941176
28.9247058823529
25.2502941176471
33.5338235294118
20.7635294117647
33.5038235294118
30.6491176470588
27.5579411764706
34.4838235294118
18.5702941176471
22.3394117647059
27.6705882352941
36.4105882352941
32.4826470588235
25.5870588235294
20.8744117647059
20.66
32.2461764705882
27.2652941176471
39.3185294117647
22.2044117647059
21.5082352941176
27.2932352941176
25.33
27.5311764705882
26.0688235294118
28.5376470588235
37.9323529411765
25.76
26.4847058823529
14.4835294117647
30.0017647058824
28.5261764705882
28.3132352941176
31.3614705882353
25.5888235294118
26.0458823529412
36.5476470588235
35.5579411764706
20.3944117647059
34.0647058823529
18.2667647058824
22.1452941176471
41.6308823529412
36.5067647058824
20.9876470588235
19.8488235294118
30.3235294117647
22.035
32.6535294117647
34.6258823529412
39.0176470588235
28.7279411764706
35.6091176470588
42.9388235294118
30.4852941176471
41.6473529411765
29.0194117647059
22.5673529411765
35.0782352941176
35.8132352941176
29.195
33.0020588235294
25.5070588235294
37.5682352941176
25.2529411764706
29.3120588235294
38.4367647058824
37.8720588235294
22.5664705882353
28.9761764705882
21.7447058823529
24.8535294117647
41.0326470588235
30.2932352941176
21.3876470588235
29.6338235294118
38.0908823529412
30.4364705882353
28.065
28.6026470588235
36.9938235294118
35.7155882352941
41.8329411764706
38.6947058823529
36.6835294117647
32.2770588235294
33.5758823529412
24.7779411764706
28.4917647058824
25.7244117647059
39.7179411764706
23.1329411764706
38.5635294117647
20.3297058823529
26.2182352941176
34.6511764705882
29.0011764705882
35.4132352941176
25.2914705882353
26.7797058823529
39.66
27.6244117647059
29.5552941176471
39.5497058823529
26.5188235294118
32.89
30.0847058823529
38.0294117647059
23.6388235294118
31.9117647058824
16.6629411764706
27.7944117647059
20.1244117647059
29.8602941176471
33.7205882352941
29.9811764705882
31.9661764705882
30.6
34.6682352941177
27.6635294117647
16.4961764705882
26.9897058823529
34.1679411764706
29.4297058823529
38.5797058823529
22.2135294117647
26.6985294117647
31.2105882352941
33.9605882352941
28.2120588235294
29.8088235294118
33.8073529411765
46.2229411764706
19.2538235294118
31.1588235294118
24.0482352941176
32.0567647058824
28.0911764705882
26.1358823529412
35.6188235294118
44.1455882352941
31.3567647058824
33.72
36.0405882352941
34.8982352941176
30.3855882352941
27.8638235294118
16.7588235294118
31.6185294117647
27.6070588235294
26.1102941176471
20.9594117647059
23.4479411764706
25.895
21.9611764705882
18.9855882352941
32.3670588235294
25.8991176470588
27.9797058823529
35.4691176470588
37.0473529411765
34.6391176470588
21.9817647058824
42.1964705882353
28.3858823529412
15.2879411764706
34.065
33.3382352941176
32.4182352941176
25.8029411764706
24.3814705882353
38.96
29.4323529411765
31.5341176470588
38.4361764705882
35.0908823529412
34.2244117647059
28.7514705882353
44.2044117647059
25.1758823529412
33.2076470588235
29.6288235294118
28.6055882352941
25.905
28.1020588235294
39.9532352941176
28.2741176470588
18.9214705882353
28.8661764705882
33.6605882352941
31.6776470588235
28.3164705882353
41.7111764705882
38.72
20.3985294117647
18.5494117647059
18.73
48.2929411764706
25.4673529411765
29.0523529411765
30.3620588235294
18.1541176470588
16.8564705882353
31.4997058823529
31.4423529411765
41.0317647058824
29.0747058823529
29.7073529411765
31.3835294117647
25.5932352941176
23.3173529411765
26.2794117647059
21.7461764705882
26.0717647058824
28.5867647058824
36.5444117647059
21.9926470588235
39.1052941176471
26.8205882352941
29.6673529411765
23.5832352941176
30.1182352941176
25.5741176470588
28.3126470588235
29.7667647058824
27.3267647058824
28.2214705882353
34.9935294117647
26.6738235294118
30.3088235294118
25.6438235294118
28.7608823529412
25.6432352941176
23.4411764705882
29.2097058823529
24.7376470588235
41.3229411764706
35.9132352941176
28.9670588235294
23.7485294117647
25.5829411764706
19.355
24.5173529411765
27.5094117647059
37.0126470588235
20.2747058823529
20.6391176470588
36.805
29.7508823529412
30.2644117647059
26.2747058823529
31.4735294117647
23.4155882352941
25.6511764705882
32.3394117647059
38.705
31.3688235294118
35.3967647058824
25.1197058823529
31.8173529411765
26.4094117647059
27.0085294117647
32.5055882352941
26.7667647058824
21.9067647058824
28.8329411764706
30.61
34.4970588235294
29.5164705882353
22.4655882352941
41.3505882352941
36.7455882352941
30.0682352941176
24.0964705882353
36.8808823529412
26.1917647058824
27.9508823529412
34.2741176470588
28.9576470588235
27.0385294117647
34.1285294117647
21.31
35.3582352941176
21.435
27.7232352941176
18.7182352941176
21.8608823529412
30.1717647058824
27.0402941176471
40.2576470588235
28.7752941176471
33.2511764705882
44.3570588235294
22.9020588235294
29.9591176470588
17.1467647058824
28.1814705882353
30.2197058823529
22.9752941176471
28.9179411764706
29.6594117647059
32.4905882352941
29.8608823529412
30.2879411764706
27.6426470588235
30.5744117647059
34.355
49.5617647058824
29.0526470588235
33.1073529411765
36.875
34.6129411764706
31.7491176470588
43.0520588235294
25.6929411764706
14.0735294117647
30.4364705882353
35.4838235294118
17.9111764705882
28.9341176470588
36.3211764705882
27.1008823529412
31.1085294117647
30.4247058823529
35.0308823529412
31.1426470588235
26.4941176470588
31.8088235294118
33.8917647058824
41.7938235294118
29.465
32.0091176470588
32.5094117647059
36.4541176470588
24.0070588235294
31.17
23.6741176470588
29.655
29.9955882352941
30.9323529411765
28.3064705882353
25.3029411764706
21.6726470588235
28.2026470588235
32.4611764705882
33.8744117647059
34.81
29.9279411764706
30.3426470588235
23.9023529411765
24.3476470588235
29.3347058823529
26.5341176470588
33.0944117647059
32.3779411764706
24.7785294117647
35.2394117647059
34.2894117647059
26.2747058823529
29.7694117647059
19.5420588235294
33.6235294117647
23.8185294117647
25.9935294117647
21.7388235294118
19.8214705882353
36.9358823529412
22.02
36.6117647058824
29.4252941176471
15.8785294117647
26.8505882352941
22.8344117647059
28.8288235294118
22.0694117647059
36.2344117647059
20.9147058823529
26.6138235294118
37.8682352941176
27.5567647058824
29.9829411764706
45.2785294117647
32.4220588235294
27.335
43.4435294117647
32.3861764705882
26.2932352941176
27.6826470588235
26.1588235294118
33.7932352941177
25.4732352941176
36.8382352941176
31.0485294117647
20.3755882352941
25.1258823529412
32.8394117647059
31.2455882352941
23.4226470588235
28.5726470588235
34.18
25.39
28.9152941176471
24.8082352941176
28.5938235294118
34.6341176470588
24.2891176470588
38.4605882352941
34.1979411764706
29.21
21.5911764705882
40.0355882352941
28.9182352941176
27.4017647058824
27.565
31.2658823529412
23.2285294117647
19.8764705882353
21.7594117647059
29.1058823529412
27.2458823529412
23.0170588235294
36.9597058823529
26.2614705882353
37.2673529411765
28.4061764705882
27.5055882352941
22.0917647058824
20.965
27.2982352941176
36.8691176470588
22.7141176470588
33.2317647058824
24.1197058823529
17.5811764705882
27.4261764705882
31.1417647058824
36.5676470588235
29.0129411764706
20.8520588235294
24.9738235294118
35.5555882352941
12.165
41.5976470588235
28.3241176470588
14.4964705882353
25.6979411764706
27.755
20.4988235294118
22.7111764705882
27.6014705882353
28.0011764705882
23.9367647058824
24.2879411764706
29.1052941176471
39.5744117647059
26.2070588235294
35.7767647058823
29.1482352941176
24.0529411764706
33.7097058823529
23.6388235294118
43.0535294117647
25.6132352941176
27.7894117647059
29.41
31.0217647058824
25.67
27.6064705882353
32.5747058823529
40.7985294117647
32.025
36.9711764705882
32.6697058823529
27.9485294117647
24.525
21.6455882352941
20.8241176470588
24.4276470588235
20.2567647058824
30.5838235294118
22.9941176470588
32.7311764705882
32.9073529411765
30.985
26.6097058823529
36.31
34.2661764705882
26.8961764705882
29.9032352941176
32.2291176470588
30.4679411764706
23.2770588235294
25.6194117647059
21.2864705882353
33.9155882352941
42.4208823529412
23.4673529411765
22.6926470588235
27.595
41.9488235294118
26.9141176470588
24.075
24.8523529411765
22.3044117647059
38.0605882352941
29.3602941176471
35.1747058823529
35.9029411764706
37.3161764705882
27.9452941176471
25.0858823529412
30.1273529411765
36.4770588235294
35.5226470588235
23.6291176470588
31.2388235294118
29.2223529411765
15.8173529411765
31.4652941176471
32.0923529411765
28.0035294117647
20.8179411764706
27.6108823529412
34.1238235294118
25.57
17.8455882352941
23.0976470588235
34.1202941176471
34.8941176470588
40.825
33.3473529411765
32.4423529411765
37.0647058823529
36.1926470588235
26.4682352941176
35.6491176470588
29.5085294117647
24.9158823529412
30.6944117647059
32.445
27.1173529411765
29.7161764705882
27.9676470588235
29.6005882352941
28.4144117647059
36.2861764705882
38.8661764705882
32.4282352941176
33.3882352941176
28.6870588235294
33.1091176470588
29.9161764705882
41.9979411764706
30.7191176470588
27.705
30.4670588235294
27.2805882352941
20.3332352941176
34.9061764705882
29.3211764705882
22.49
24.7841176470588
26.7255882352941
30.0223529411765
30.7635294117647
28.5717647058824
31.5320588235294
45.0576470588235
33.2258823529412
26.9026470588235
27.9211764705882
29.4314705882353
25.3755882352941
23.0638235294118
22.7420588235294
35.7979411764706
27.855
27.9079411764706
17.5538235294118
31.8847058823529
47.6835294117647
52.9094117647059
34.4458823529412
27.4958823529412
27.7894117647059
26.1155882352941
22.9855882352941
30.6285294117647
37.0347058823529
22.4052941176471
40.9323529411765
20.79
34.1105882352941
37.1652941176471
27.7276470588235
25.1164705882353
30.2923529411765
26.9482352941176
36.22
36.4973529411765
25.8529411764706
32.4705882352941
42.14
37.1864705882353
29.7629411764706
27.1561764705882
36.7135294117647
29.0217647058824
38.6526470588235
31.0141176470588
26.5347058823529
23.4538235294118
27.6205882352941
29.4926470588235
25.9335294117647
18.8017647058824
26.1891176470588
36.3094117647059
38.9508823529412
26.5167647058824
30.0073529411765
23.2714705882353
33.5702941176471
42.4682352941176
34.8297058823529
35.8232352941176
14.8344117647059
40.8338235294118
25.6964705882353
18.1047058823529
33.7391176470588
23.6676470588235
36.1202941176471
24.9411764705882
26.0426470588235
27.2508823529412
35.4370588235294
36.4805882352941
26.5411764705882
34.3794117647059
27.4402941176471
26.6117647058824
36.755
30.3438235294118
28.7602941176471
31.2961764705882
31.8482352941176
31.6561764705882
31.5961764705882
25.93
37.7223529411765
21.4902941176471
19.9020588235294
23.5597058823529
22.3764705882353
23.6329411764706
17.525
29.8497058823529
28.0191176470588
28.7764705882353
33.3108823529412
26.93
37.4479411764706
31.5867647058824
32.7855882352941
29.4717647058824
39.6932352941176
30.5544117647059
17.8970588235294
34.9535294117647
26.2697058823529
28.8044117647059
35.0108823529412
26.7682352941176
30.3832352941176
29.9391176470588
32.4752941176471
20.0223529411765
33.8632352941177
38.4205882352941
18.7182352941176
23.2273529411765
31.1888235294118
36.7538235294118
35.1791176470588
29.7608823529412
31.3976470588235
32.3417647058824
24.5597058823529
26.29
27.2882352941176
20.7523529411765
22.0420588235294
26.8929411764706
41.0702941176471
34.2067647058823
35.7270588235294
33.9476470588235
19.5929411764706
27.7317647058824
36.9067647058824
32.0520588235294
27.6444117647059
36.3241176470588
32.1355882352941
37.4144117647059
28.7694117647059
27.4658823529412
25.2770588235294
29.7435294117647
42.5311764705882
35.3941176470588
34.7288235294118
25.2070588235294
29.7126470588235
31.2058823529412
23.4102941176471
30.8526470588235
23.6435294117647
24.0473529411765
28.0070588235294
19.3126470588235
31.7958823529412
31.8938235294118
44.8020588235294
31.2561764705882
22.6941176470588
34.7902941176471
29.9444117647059
30.0797058823529
29.5873529411765
32.1614705882353
29.0720588235294
31.1847058823529
25.4288235294118
24.6632352941176
39.7779411764706
20.9694117647059
29.2105882352941
34.2791176470588
26.8108823529412
26.0682352941176
22.6382352941176
26.0473529411765
19.8685294117647
35.8361764705882
40.0288235294118
36.1070588235294
41.0644117647059
33.3938235294118
35.3964705882353
33.3532352941176
24.9026470588235
29.1232352941176
21.3420588235294
34.5661764705882
30.845
35.3391176470588
34.6544117647059
18.2791176470588
33.0097058823529
33.3394117647059
29.5076470588235
41.6673529411765
23.8105882352941
30.7044117647059
22.1570588235294
38.9932352941176
29.5120588235294
27.3717647058824
22.5073529411765
32.2944117647059
29.4047058823529
20.9791176470588
20.3070588235294
24.0132352941176
15.0282352941176
39.2605882352941
30.3288235294118
29.5082352941176
35.3714705882353
24.2385294117647
31.0720588235294
40.0305882352941
31.7120588235294
22.5635294117647
29.8032352941176
34.6008823529412
24.4082352941176
38.5270588235294
35.3626470588235
27.9105882352941
32.1138235294118
31.12
32.8429411764706
20.0994117647059
34.9738235294118
29.7479411764706
19.4985294117647
42.5955882352941
28.0555882352941
38.0970588235294
31.6938235294118
34.1997058823529
19.1302941176471
31.7185294117647
27.5247058823529
27.3035294117647
39.4073529411765
29.9458823529412
27.5620588235294
26.6917647058824
24.0929411764706
27.4670588235294
32.9788235294118
35.9317647058824
32.0052941176471
22.6511764705882
29.1014705882353
35.7826470588235
31.5623529411765
27.8873529411765
27.3579411764706
37.3935294117647
24.5544117647059
28.0108823529412
32.905
23.6979411764706
20.3914705882353
20.2526470588235
37.9329411764706
39.3376470588235
35.9482352941176
28.6382352941176
36.7047058823529
25.8908823529412
21.8352941176471
19.9035294117647
28.7526470588235
28.2564705882353
26.1079411764706
27.9373529411765
30.2232352941176
23.2947058823529
23.6258823529412
34.6285294117647
23.2508823529412
36.6320588235294
19.8402941176471
39.8361764705882
33.6473529411765
26.4538235294118
34.5429411764706
29.9052941176471
26.45
24.2844117647059
39.2155882352941
26.7847058823529
24.9670588235294
20.0388235294118
30.7794117647059
26.5752941176471
33.0773529411765
31.4570588235294
26.1694117647059
35.6029411764706
30.005
32.2382352941176
31.6576470588235
28.8338235294118
24.5126470588235
31.8541176470588
41.6135294117647
25.6005882352941
28.7285294117647
39.0414705882353
29.8067647058824
29.9305882352941
23.3626470588235
25.4264705882353
21.2285294117647
26.1070588235294
29.5452941176471
31.6167647058824
25.9841176470588
24.7511764705882
32.1544117647059
14.8479411764706
19.8432352941176
38.775
23.4361764705882
34.3570588235294
19.8511764705882
26.3861764705882
36.6594117647059
19.7882352941176
21.7323529411765
26.3329411764706
33.4897058823529
22.7955882352941
36.6452941176471
35.2108823529412
31.4626470588235
23.7752941176471
20.7161764705882
35.3867647058824
30.1264705882353
27.0885294117647
33.8847058823529
19.7
27.0355882352941
35.3517647058824
27.1538235294118
31.7470588235294
22.0973529411765
25.5929411764706
38.9217647058824
24.3829411764706
29.1723529411765
27.8091176470588
33.9382352941176
29.2582352941176
24.4194117647059
34.6535294117647
34.5914705882353
19.2426470588235
31.7170588235294
35.4947058823529
33.7164705882353
24.7441176470588
19.2391176470588
25.4005882352941
